1000

2 10 15 17 18 19 30 31
18 10 15 31 30
13 12 14 7 11
1 3

1 10 14 21 25 26 28 29
26 1 28 25 14
8 9 14 10 1
2 0

2 3 10 12 13 14 25 29
2 29 25 12 10
5 8 3 1 12
2 1

3 4 14 16 22 26 27 31
22 16 14 3 31
9 7 11 8 5
4 0

1 9 11 14 18 21 27 28
28 18 21 11 14
3 1 12 13 14
0 4

11 14 18 22 23 24 27 30
30 22 27 23 24
5 2 13 14 10
2 2

4 13 14 15 19 25 30 31
31 25 4 14 13
3 12 5 10 7
2 2

3 4 5 7 13 15 28 29
4 7 29 5 3
2 3 9 12 10
4 0

5 14 24 25 26 28 29 30
14 29 26 28 5
11 6 4 14 9
1 3

4 9 11 15 16 17 21 22
9 11 21 17 4
7 15 14 11 4
0 5

5 8 15 16 21 22 23 28
16 8 21 5 28
7 5 2 4 14
2 0

3 6 10 24 25 27 29 31
6 27 10 24 3
3 4 8 11 5
2 3

1 5 9 11 21 22 26 31
1 5 11 31 21
7 1 11 12 13
1 1

2 5 6 7 14 20 22 25
25 2 20 6 14
3 5 6 8 13
0 5

2 7 18 22 24 26 29 30
2 30 7 24 26
15 8 11 6 4
0 4

1 2 11 16 19 24 29 31
16 2 1 29 31
4 15 2 14 5
0 2

9 10 11 13 16 21 23 30
10 23 9 11 16
6 12 5 3 13
4 0

1 2 4 14 17 20 29 30
29 17 30 4 2
6 1 4 11 8
2 1

1 4 7 16 21 23 27 28
7 28 23 16 1
7 12 13 2 1
0 5

3 6 7 9 22 23 24 30
23 30 3 22 7
14 7 1 5 15
2 1

1 5 7 9 10 11 27 31
27 1 5 9 10
4 7 1 3 5
4 0

10 15 22 24 25 28 29 30
28 22 29 30 25
9 15 11 7 8
3 1

1 3 12 15 19 22 25 26
1 19 3 25 15
10 8 9 6 1
1 3

7 15 17 22 23 24 25 28
7 23 15 25 24
3 5 15 6 14
1 3

2 4 10 11 22 25 26 31
10 25 2 11 31
9 4 6 12 3
1 3

2 7 10 16 21 22 27 28
22 10 27 2 28
7 3 2 12 9
0 3

10 17 18 19 20 22 24 31
31 22 10 20 18
10 7 1 3 2
0 2

3 14 17 20 21 22 28 29
17 21 29 20 3
11 7 13 1 4
0 2

6 8 9 14 15 26 29 30
30 6 15 14 9
2 1 7 15 13
1 1

6 14 16 17 20 21 27 28
21 20 6 16 17
10 12 3 8 15
2 3

2 12 16 18 19 20 25 29
19 2 18 12 25
6 11 14 4 12
0 5

1 4 6 10 13 22 24 26
13 10 4 6 1
1 14 11 3 12
3 0

3 10 14 19 23 24 29 31
23 31 3 19 10
2 3 6 13 7
4 0

9 12 14 15 18 28 29 30
15 30 18 9 29
10 13 9 6 3
5 0

5 13 16 18 19 22 25 29
13 22 18 5 16
6 10 11 3 15
2 3

1 4 12 13 16 24 28 29
4 16 24 13 29
12 2 11 9 1
4 0

4 5 14 16 17 18 20 31
16 4 31 5 18
11 1 2 12 4
0 3

1 3 13 20 21 25 26 31
13 20 31 1 3
8 15 10 11 9
2 1

2 6 8 12 14 19 22 29
19 2 22 8 29
9 6 12 2 10
1 3

2 4 10 12 13 19 25 28
13 19 10 4 25
9 15 11 5 2
3 2

10 12 13 14 17 21 24 29
29 17 10 14 12
6 12 14 3 13
3 2

1 5 12 15 16 20 24 30
5 16 1 30 24
5 10 3 9 8
2 3

3 6 11 13 20 24 27 29
24 29 27 13 20
10 7 8 5 3
2 3

4 6 10 11 13 25 27 29
11 13 27 25 10
14 4 12 8 3
2 0

1 3 16 21 23 26 27 30
27 21 16 1 26
15 1 13 6 14
0 5

2 7 9 19 20 22 28 29
22 2 9 19 7
14 2 9 10 5
3 0

2 3 10 20 23 24 27 30
20 27 2 10 30
14 2 5 12 3
3 1

8 9 14 15 17 21 22 25
17 9 21 8 25
8 14 2 1 9
0 3

2 6 10 14 15 18 24 31
6 14 31 10 24
8 1 2 13 4
3 0

10 13 16 17 20 26 28 30
13 30 10 17 26
12 3 14 6 10
3 1

2 4 8 11 13 17 27 29
8 4 17 13 27
2 7 8 6 11
2 2

2 6 8 9 13 14 24 26
6 24 2 13 8
8 12 6 1 5
4 0

3 8 11 15 16 24 28 30
11 16 24 28 30
14 3 6 7 5
2 1

4 7 9 10 15 20 22 28
4 9 20 22 28
6 3 7 1 12
0 5

3 10 12 14 15 16 18 28
12 16 14 15 10
10 6 4 12 9
2 0

1 8 12 14 16 17 20 23
1 23 12 17 14
2 4 5 12 8
3 1

5 7 10 11 14 17 19 27
17 5 7 27 19
8 14 5 11 13
2 2

2 4 5 11 19 21 24 29
4 5 19 24 29
4 5 12 6 1
1 4

1 2 15 16 21 25 27 29
25 15 1 21 16
4 8 12 11 5
3 0

2 3 7 14 16 17 26 30
26 30 7 16 14
8 2 7 15 11
1 4

3 9 15 19 20 24 28 29
15 24 9 19 29
3 8 15 14 12
3 1

1 8 9 14 19 21 23 29
23 8 19 21 29
12 1 15 10 6
4 0

9 13 15 18 22 23 24 25
18 15 9 23 24
12 6 9 1 4
2 2

11 15 16 17 18 26 29 31
16 29 17 15 11
9 2 3 1 5
4 0

5 13 17 23 24 25 27 28
5 27 17 25 23
5 3 13 7 6
3 2

3 4 5 8 19 28 29 30
3 30 8 29 28
3 15 4 7 12
2 3

1 11 14 16 17 27 29 30
14 17 27 1 11
4 10 6 15 8
4 0

1 11 12 20 23 25 26 28
11 1 25 28 12
3 2 13 1 7
1 3

3 7 8 15 18 23 25 30
25 15 30 23 7
12 5 6 9 2
0 5

3 15 17 21 25 26 28 29
21 29 26 15 25
12 8 10 13 1
1 4

1 3 7 8 9 17 19 26
19 9 7 17 8
14 12 10 11 9
3 0

3 4 16 20 21 23 26 29
4 20 29 26 21
3 10 6 13 5
2 2

2 3 11 12 13 16 20 26
16 3 20 26 13
14 8 5 2 12
1 3

2 9 10 12 18 19 28 30
28 19 2 10 18
2 8 7 6 5
0 4

6 12 15 17 20 22 23 27
27 15 17 22 20
4 14 10 1 3
0 3

2 5 11 13 17 25 26 29
25 11 2 26 29
2 6 4 11 7
4 0

3 10 16 17 23 24 26 28
16 3 17 24 26
4 6 2 12 13
4 0

1 8 9 17 19 24 29 31
17 24 8 9 19
7 5 4 8 9
2 2

2 5 6 11 13 20 24 31
2 11 31 20 5
14 7 11 10 2
2 0

5 7 11 13 18 27 28 31
18 27 28 13 11
6 10 5 13 1
2 3

3 5 6 13 14 15 20 26
5 26 6 13 14
15 3 8 7 9
4 0

3 4 6 7 16 22 23 29
3 16 4 7 23
3 2 13 1 10
2 0

9 12 13 16 18 20 21 29
18 16 20 9 12
7 14 9 5 2
1 1

3 11 14 19 24 26 29 31
26 11 31 24 29
8 3 1 13 5
0 2

12 18 19 21 22 26 27 30
18 30 27 26 19
3 7 12 8 15
5 0

8 10 15 18 21 25 26 30
21 26 10 15 30
14 6 2 9 11
2 1

3 6 9 10 14 16 28 30
14 28 30 16 10
8 7 5 15 4
0 2

1 3 6 10 22 28 29 31
10 22 3 1 6
9 4 12 1 7
0 3

7 19 20 25 27 28 30 31
31 19 25 7 20
3 2 6 9 12
3 0

1 4 7 11 13 23 25 29
4 13 1 25 23
13 5 12 8 10
0 2

12 14 18 22 23 25 27 29
27 23 18 14 22
13 4 14 1 2
0 5

1 4 5 9 18 19 29 31
5 19 1 9 31
6 4 10 15 11
1 4

2 6 7 11 13 16 25 29
25 11 16 7 13
7 1 8 11 6
1 3

7 9 10 13 18 23 25 29
13 18 7 10 25
15 13 6 8 10
2 2

2 7 10 16 23 26 27 30
27 7 23 26 10
11 15 1 6 13
1 1

1 5 14 15 18 24 27 28
24 15 5 14 28
9 10 6 1 14
5 0

5 10 11 17 19 21 24 30
19 24 10 11 17
3 13 4 12 9
0 5

2 3 10 14 16 18 29 31
2 31 3 29 18
9 11 2 4 12
1 2

3 4 5 6 19 26 27 31
5 4 19 31 3
7 1 2 11 12
4 0

2 8 9 17 21 25 29 30
30 21 29 8 2
4 3 7 11 15
0 2

7 14 17 23 24 25 29 31
31 25 14 23 7
5 9 1 4 6
3 2

4 11 13 15 19 22 25 26
13 15 22 26 25
10 9 8 7 3
5 0

2 6 7 11 13 15 18 19
18 11 15 13 7
2 6 9 5 14
0 5

1 3 12 16 18 20 26 31
16 1 18 31 12
10 9 3 13 8
3 0

3 10 11 15 20 22 26 30
20 10 22 11 30
13 5 3 9 10
1 4

8 9 10 14 15 22 30 31
10 15 14 22 8
6 1 15 4 7
4 0

4 6 8 9 10 23 24 29
9 4 29 10 6
14 3 5 6 7
3 1

1 13 15 21 22 26 27 29
1 15 21 27 26
15 12 10 11 7
2 2

3 8 11 12 16 23 29 30
8 12 23 29 11
10 5 8 2 11
2 0

3 15 16 18 19 20 26 29
16 20 18 15 29
5 8 7 15 14
3 0

4 6 9 13 24 25 26 30
25 13 30 26 24
1 9 4 3 2
0 4

1 3 4 5 13 19 23 29
13 23 5 1 29
5 6 8 12 10
2 0

1 4 12 16 17 18 20 22
20 17 16 18 12
6 15 14 4 9
0 4

1 5 12 18 21 26 27 30
21 27 30 26 5
5 6 3 8 15
1 4

1 3 9 10 15 19 20 25
3 19 15 9 20
3 10 1 4 11
4 0

11 14 15 21 22 23 30 31
31 22 23 11 21
11 12 2 10 13
0 4

2 3 4 19 20 21 26 27
2 3 4 20 26
9 13 12 6 10
1 1

1 4 7 13 17 21 22 26
21 17 4 22 13
14 10 12 9 7
1 3

4 6 7 15 16 19 20 23
23 19 7 20 15
13 14 1 10 5
0 2

7 8 12 14 19 21 22 29
14 21 8 12 19
6 4 13 1 7
2 3

2 4 7 14 21 23 26 30
14 2 21 30 23
9 10 5 6 7
5 0

6 15 17 19 24 26 27 29
6 29 24 17 27
11 1 8 2 15
0 2

2 9 10 14 17 18 20 24
17 9 18 2 24
12 8 14 10 4
3 0

2 5 7 10 13 20 28 31
7 31 2 20 5
1 6 8 9 2
2 2

4 7 9 12 17 20 29 31
31 20 29 17 4
13 7 6 4 12
4 0

3 6 11 13 17 20 24 28
11 20 3 6 13
15 4 2 12 8
1 4

1 3 8 15 17 18 20 29
20 17 1 29 18
10 11 15 2 8
3 2

6 9 11 17 20 21 24 30
9 21 24 30 6
2 14 9 8 1
2 3

2 3 8 10 12 17 18 19
19 12 10 2 8
11 14 1 7 4
1 1

3 10 13 17 20 27 29 30
10 3 20 13 17
11 8 12 6 7
1 4

1 8 9 14 17 20 24 26
24 17 8 9 20
2 3 7 13 12
2 2

4 6 7 10 27 28 30 31
31 28 30 10 27
1 12 11 9 15
2 1

3 5 6 9 11 13 22 23
3 11 6 23 22
4 13 12 15 9
2 3

1 3 12 14 16 20 24 25
12 20 16 24 3
4 2 13 3 8
0 2

2 3 9 21 23 25 26 31
9 31 2 23 3
9 12 10 3 8
1 2

7 10 13 17 21 26 27 29
29 17 27 21 13
7 9 3 6 2
4 0

1 4 7 10 26 27 28 29
26 29 1 28 7
15 10 2 13 11
0 5

3 5 7 13 18 21 22 29
21 5 3 22 7
10 9 11 12 14
1 1

3 9 14 19 23 25 27 30
30 14 27 9 3
3 15 8 5 13
1 2

1 6 7 18 20 24 26 30
20 7 26 1 18
2 7 14 11 1
4 0

5 9 19 20 21 22 24 31
24 20 21 19 9
9 3 15 8 6
4 0

2 11 12 13 16 18 23 29
12 13 23 18 29
3 13 5 6 1
2 0

6 10 11 19 22 28 29 31
11 6 22 29 10
8 1 5 9 6
0 5

1 8 10 11 12 18 27 30
18 1 30 8 12
8 2 1 12 3
2 1

7 9 11 19 20 24 26 27
20 27 19 24 26
14 15 1 2 5
2 3

1 3 9 16 17 19 28 29
19 16 1 17 9
1 4 15 9 11
4 0

4 10 13 14 15 17 27 29
4 10 13 29 27
12 5 15 8 1
1 3

2 6 8 10 13 14 20 30
8 2 30 14 13
7 12 8 9 1
0 4

8 10 11 15 23 25 28 31
8 23 10 25 11
11 7 12 4 10
0 2

5 6 10 11 12 16 18 25
18 10 6 16 5
15 14 8 13 1
1 1

5 11 13 16 17 18 21 26
18 16 11 13 26
1 4 10 8 7
3 0

3 10 12 16 23 26 28 31
23 3 31 26 28
9 14 3 8 2
2 0

3 8 12 19 20 21 25 29
29 20 21 8 19
4 13 8 3 15
1 3

1 3 7 10 19 21 25 29
29 21 7 25 3
8 5 4 1 9
0 4

2 5 10 22 23 24 25 29
2 29 23 22 10
9 8 11 1 6
2 1

4 5 9 17 18 19 27 29
5 19 27 4 9
5 10 9 1 13
5 0

1 5 15 18 20 21 22 27
5 21 18 20 15
1 10 12 6 8
0 3

5 13 14 15 17 25 29 31
29 15 5 13 31
15 9 2 8 4
3 0

1 2 8 11 14 17 24 26
14 8 26 11 1
7 10 15 2 6
2 0

10 11 13 14 16 19 21 22
19 22 10 13 21
10 5 8 1 14
4 0

4 5 7 8 18 20 22 31
4 31 22 20 5
11 8 3 13 6
0 2

2 7 8 11 13 15 18 25
13 18 15 2 7
7 10 9 3 5
2 2

4 12 13 15 16 21 24 26
26 24 12 13 15
10 2 5 3 12
2 3

3 12 17 22 23 28 29 30
22 17 3 23 12
1 5 7 12 2
0 2

3 6 8 9 15 16 26 29
15 26 8 3 6
7 13 9 3 15
3 2

16 18 19 23 26 27 28 31
23 27 18 28 19
3 1 11 7 13
2 3

1 5 10 11 12 13 23 28
23 13 1 28 12
5 11 7 3 15
5 0

3 19 23 24 26 28 29 31
31 19 28 26 23
8 9 7 14 12
0 4

5 6 7 8 11 13 17 21
8 6 21 13 7
1 8 12 10 5
2 3

5 7 11 13 14 15 17 21
13 5 17 11 21
11 8 10 5 3
5 0

7 9 10 11 12 17 29 30
12 30 9 29 11
3 9 7 13 4
4 0

5 11 12 20 21 22 25 30
21 25 12 5 20
5 8 12 7 2
1 4

1 6 15 18 21 25 28 29
6 21 1 15 18
13 5 7 2 10
0 4

2 4 9 13 20 24 27 29
27 24 2 29 20
13 1 3 6 11
4 0

1 16 20 21 27 28 29 31
1 16 31 27 21
1 12 9 13 7
1 2

2 3 13 20 24 26 27 31
24 26 3 20 13
11 7 1 4 8
5 0

2 3 7 15 17 20 28 31
20 2 28 7 17
7 11 9 5 8
3 2

6 9 10 14 20 25 27 29
9 27 20 14 10
2 10 4 8 7
0 3

10 11 12 18 19 23 30 31
31 30 19 11 12
5 2 10 15 8
1 4

1 3 15 18 19 20 30 31
31 19 1 15 30
9 4 13 11 12
2 2

1 6 9 12 13 15 28 31
13 28 15 6 9
2 12 3 15 7
1 3

2 4 5 6 7 8 15 19
8 19 5 15 2
8 5 1 3 15
0 2

4 10 19 21 25 26 27 30
4 26 30 25 27
9 15 4 11 5
0 2

1 2 3 4 5 7 15 29
29 2 4 1 7
7 3 4 14 15
2 0

4 9 11 14 15 16 25 30
14 9 16 11 30
8 7 2 10 6
1 3

2 3 4 5 9 19 23 29
19 3 5 2 9
15 2 7 4 13
4 0

1 3 4 5 17 26 29 31
3 5 29 1 31
11 9 2 4 14
1 4

4 7 9 10 15 16 18 29
15 29 16 18 4
2 3 6 14 15
1 4

2 5 8 12 13 23 25 31
25 8 2 23 12
15 5 3 14 6
1 4

8 11 14 21 23 25 28 31
23 11 31 14 28
6 3 5 2 1
2 1

1 5 14 18 24 27 29 30
27 24 18 5 30
13 7 12 11 8
3 2

2 10 11 15 16 22 29 31
10 11 29 2 31
13 6 1 10 8
3 2

4 6 7 8 9 21 22 29
29 8 6 21 7
15 3 12 5 10
3 1

1 11 23 24 26 27 29 31
26 11 31 29 24
13 15 11 12 14
4 0

1 2 5 6 10 12 13 29
5 2 29 10 1
8 1 7 11 3
3 2

1 14 20 21 26 27 30 31
31 20 21 14 30
7 11 12 6 3
2 2

1 2 6 15 19 21 23 26
23 6 19 26 1
9 2 4 13 5
0 2

4 5 9 18 19 21 28 29
21 29 18 5 28
6 12 15 13 14
2 0

8 9 16 17 22 24 29 30
16 9 22 17 8
14 11 1 10 15
2 1

2 6 12 14 18 21 22 26
18 14 22 21 26
9 2 10 7 3
2 3

5 6 8 11 21 23 25 26
23 5 25 21 26
7 11 15 12 8
2 0

1 2 5 12 13 17 21 29
29 12 1 17 2
13 11 10 12 2
1 3

11 12 16 17 18 19 26 29
12 19 18 11 16
15 14 6 1 4
1 3

1 4 5 15 18 22 29 30
18 30 22 4 15
11 9 14 8 2
4 0

5 7 8 13 14 18 19 30
7 13 19 14 5
10 9 4 12 15
3 0

1 4 8 9 12 24 27 28
8 24 9 27 28
10 5 13 11 9
3 0

5 7 8 16 18 21 22 28
7 21 18 16 22
5 12 1 2 15
1 4

1 4 13 14 17 21 25 30
4 14 25 30 17
4 9 10 2 12
3 2

1 3 6 8 22 26 27 30
8 6 26 22 30
4 12 3 13 15
0 2

4 10 11 12 18 20 21 25
12 21 25 20 11
14 1 9 12 11
1 4

1 5 10 17 25 28 30 31
30 5 28 31 25
4 11 10 12 8
2 3

4 10 12 15 18 20 27 29
29 4 15 18 12
8 9 1 11 15
1 4

2 8 13 20 22 23 26 30
30 20 23 22 26
14 15 12 10 13
0 3

1 3 8 20 27 28 30 31
30 28 31 20 1
14 8 5 12 3
0 2

1 5 7 8 10 23 25 27
7 25 8 10 27
7 15 5 14 8
3 2

2 6 14 15 22 26 27 29
2 26 14 22 6
13 6 3 8 11
3 0

1 11 15 19 23 28 29 31
31 19 28 1 15
2 5 11 15 6
5 0

2 3 10 11 16 21 23 30
11 3 21 16 23
1 4 13 10 14
1 2

3 4 5 9 11 19 27 28
5 9 28 4 19
1 13 3 9 5
2 3

5 10 11 16 21 22 29 30
16 22 5 21 10
8 14 1 4 12
3 0

1 4 6 9 10 17 23 26
23 6 17 1 10
7 3 9 10 8
5 0

1 3 9 15 16 18 24 28
1 15 24 18 28
2 5 12 13 6
1 2

2 3 4 16 17 18 20 27
18 3 17 2 4
10 11 5 8 13
4 0

1 8 12 17 19 23 28 31
31 19 23 28 17
15 1 3 10 11
3 2

4 8 16 19 21 23 29 31
23 19 29 31 4
3 9 8 2 11
3 0

4 9 11 13 17 24 29 30
9 13 29 4 11
3 13 12 14 9
3 0

2 5 6 8 17 19 23 27
5 19 27 2 23
6 9 14 11 2
3 0

2 8 10 12 14 15 24 31
2 8 10 31 12
8 7 3 6 11
0 4

1 2 13 15 18 22 27 28
15 27 2 13 1
4 14 12 13 1
5 0

2 5 9 21 22 26 30 31
22 5 31 21 26
10 14 12 9 3
1 3

4 7 9 16 17 23 28 29
7 28 9 17 29
1 7 5 11 2
4 0

3 4 5 6 9 17 20 29
5 6 20 3 17
6 1 10 13 4
2 0

4 5 14 17 21 22 28 30
30 4 14 28 5
11 10 9 5 12
0 3

2 5 18 22 23 25 28 31
28 18 31 2 22
15 11 6 12 13
0 4

1 4 5 6 11 14 20 29
11 20 14 5 6
1 14 2 9 5
2 0

2 6 9 10 15 23 28 30
30 23 2 10 28
9 8 2 12 7
3 1

6 8 15 17 21 23 25 26
8 15 17 21 25
7 6 8 1 13
1 4

6 12 18 21 23 26 27 31
18 23 31 27 26
9 15 7 2 13
2 2

5 8 10 12 21 22 30 31
10 31 5 12 8
10 7 14 11 9
2 2

4 10 13 14 16 19 26 28
13 26 19 28 14
5 13 6 1 7
2 0

1 4 8 10 17 21 28 29
4 1 21 8 28
9 12 2 5 13
4 0

2 10 11 20 24 25 28 31
10 25 31 11 24
1 3 13 10 9
2 0

4 12 13 16 17 20 26 30
30 16 4 12 20
4 12 9 14 10
0 3

2 3 4 6 13 16 20 28
3 2 28 13 20
3 2 12 11 14
4 0

1 2 8 11 12 20 24 28
12 24 2 28 20
14 1 2 15 5
0 4

6 8 12 20 22 25 26 31
6 8 22 20 12
11 1 12 4 7
0 4

2 7 10 12 22 23 26 31
2 10 26 31 12
9 10 1 2 5
5 0

3 12 16 19 20 24 30 31
12 3 24 30 16
14 9 12 11 6
3 1

5 9 14 16 17 25 28 31
16 17 9 28 25
11 2 14 1 3
0 3

6 7 8 11 15 22 24 28
22 28 7 24 6
15 13 9 5 7
3 0

1 10 14 15 26 27 28 30
27 15 1 10 26
4 1 3 15 10
0 5

1 8 13 14 18 21 22 24
1 18 13 21 22
8 12 6 11 4
5 0

1 6 9 11 14 19 24 28
9 6 14 1 24
6 7 3 9 14
2 1

12 15 16 18 19 23 27 28
16 18 19 12 15
5 12 2 6 13
1 1

3 7 8 9 10 15 22 29
29 8 22 10 9
11 12 8 4 9
0 5

2 8 9 22 23 28 29 31
2 29 9 8 28
13 1 14 8 2
1 2

2 5 6 13 21 25 28 31
25 21 28 31 5
13 9 2 11 8
0 3

4 8 12 15 16 21 25 29
21 25 8 12 15
2 9 3 12 5
2 2

4 10 13 15 17 26 30 31
26 17 31 13 10
11 15 3 2 7
5 0

7 9 12 17 25 26 28 29
29 28 25 7 9
7 14 13 11 5
3 1

2 6 7 9 18 22 25 31
18 7 31 22 6
11 8 10 12 13
2 2

9 16 19 20 22 23 29 31
20 31 23 22 29
2 8 9 5 6
3 1

4 13 15 20 22 24 26 27
13 26 20 4 27
6 1 5 14 11
3 0

1 5 7 8 10 17 22 23
8 22 10 5 1
2 8 11 6 5
1 3

5 10 15 16 19 26 27 29
27 5 19 15 26
1 5 8 9 2
1 3

1 5 7 8 12 19 23 29
8 12 23 19 29
9 15 10 14 8
3 0

2 3 9 10 12 13 20 29
2 29 9 3 12
3 12 6 9 11
1 4

4 7 12 17 24 25 26 30
4 24 26 25 17
1 13 5 9 6
0 2

6 8 18 20 21 26 29 31
20 6 26 31 18
3 7 9 11 10
0 5

1 2 4 8 11 14 16 29
11 14 29 2 8
3 1 2 9 5
2 0

11 14 20 21 23 28 29 30
20 23 28 30 11
3 10 12 7 11
1 4

4 7 14 15 20 22 27 30
22 30 27 7 14
1 12 15 14 7
4 0

2 5 9 12 14 22 28 30
30 9 14 12 28
7 10 13 5 9
2 1

3 5 9 16 27 28 30 31
5 28 30 31 9
2 4 12 9 5
3 2

5 13 21 23 24 25 26 31
5 25 13 23 26
14 11 7 3 15
0 2

3 8 9 15 19 23 24 29
15 8 19 3 23
7 8 14 1 6
1 1

2 6 10 18 19 21 27 31
27 19 31 10 18
13 4 6 5 14
2 3

4 7 9 10 13 19 20 24
13 9 7 24 20
8 3 14 4 10
2 1

1 14 15 17 18 23 29 30
17 18 23 1 14
9 8 6 14 10
3 1

1 8 12 16 23 24 26 30
23 16 8 12 30
5 2 14 6 7
2 2

1 3 14 16 20 24 25 28
20 25 28 16 1
7 14 13 10 15
0 2

1 13 15 17 19 20 26 30
30 13 1 19 15
4 6 12 3 14
2 2

9 10 11 15 20 22 27 28
22 27 15 9 10
4 3 1 6 15
0 5

2 3 5 7 17 26 28 29
29 5 26 3 2
7 1 14 6 4
1 3

1 8 11 15 17 20 28 31
31 11 8 17 15
12 13 9 1 7
0 3

2 8 11 14 17 18 21 23
21 23 14 2 17
6 9 7 4 14
4 0

3 4 6 8 15 16 22 27
4 16 27 8 3
3 1 4 2 9
0 5

4 6 9 16 20 27 30 31
4 20 9 31 30
13 1 10 3 9
2 3

8 9 11 16 17 22 23 25
11 22 25 9 8
14 10 13 3 4
0 3

4 7 8 13 17 21 24 26
24 21 7 13 8
1 7 5 8 15
1 3

3 4 8 16 17 18 26 28
26 8 16 18 4
5 1 13 11 8
2 2

2 3 8 9 17 21 25 29
3 21 29 17 9
2 9 3 7 4
5 0

3 6 10 13 18 21 22 30
13 21 22 3 18
3 9 1 8 14
0 4

8 18 19 21 22 24 27 30
24 8 30 22 21
5 15 14 9 12
2 2

10 11 12 23 26 28 29 30
10 30 26 29 23
12 9 1 3 13
0 4

1 6 8 9 10 14 19 24
24 6 1 9 10
15 10 4 2 9
1 3

4 8 16 18 19 22 23 24
8 19 4 16 23
15 7 11 12 1
0 4

2 4 6 16 17 18 30 31
17 2 31 18 6
5 12 8 15 3
1 1

3 5 7 13 15 25 26 29
3 7 15 26 5
15 7 10 3 9
2 1

1 5 6 16 18 21 23 25
25 18 21 5 1
9 8 7 12 2
1 1

3 9 15 17 18 19 26 31
17 26 31 18 15
7 11 3 4 13
0 4

6 8 10 18 23 29 30 31
10 23 30 8 31
11 8 5 6 1
1 2

1 3 9 10 11 22 24 25
25 9 24 10 1
12 13 10 8 11
2 2

2 4 8 12 13 20 23 30
2 30 12 23 4
13 6 7 5 4
3 2

1 6 7 15 22 25 27 28
28 22 6 7 1
3 4 12 2 13
0 4

3 9 11 12 17 23 27 30
9 11 17 23 12
3 2 15 8 5
3 2

2 4 11 13 18 25 28 31
11 4 31 13 28
6 12 8 5 3
2 0

1 8 10 13 24 26 28 31
8 1 10 13 26
3 1 4 14 15
0 3

2 6 11 16 18 21 28 30
18 30 21 6 2
4 14 1 6 2
2 3

1 2 6 7 9 18 24 25
25 9 1 6 2
3 5 7 4 13
3 0

7 8 13 15 18 20 24 31
18 24 31 13 15
13 14 6 4 1
2 0

6 8 9 13 18 26 28 30
9 30 6 13 18
13 1 10 6 12
0 4

1 5 8 12 14 16 25 28
8 1 12 25 14
5 8 6 4 15
1 2

1 8 9 10 13 16 20 26
20 1 8 9 16
9 1 12 5 14
5 0

4 7 13 14 25 26 27 29
27 26 25 4 29
8 14 9 13 5
1 3

2 3 5 12 15 18 22 24
15 24 5 2 3
9 6 15 5 8
2 1

1 5 12 17 23 25 29 30
1 5 12 25 30
4 14 3 2 12
0 5

4 6 16 17 18 21 26 29
17 4 21 16 26
9 1 8 5 11
3 1

2 8 11 16 17 25 30 31
17 30 8 25 31
12 14 2 5 8
3 1

8 9 12 15 19 26 29 30
12 15 8 30 26
3 9 14 6 1
5 0

4 12 16 18 23 26 27 31
27 16 18 26 23
4 9 10 11 3
1 1

2 8 9 14 16 22 27 31
9 27 22 2 14
12 13 6 14 4
0 4

1 2 4 17 18 23 25 29
4 29 1 2 17
7 9 11 14 6
1 2

2 11 13 14 18 28 29 31
13 18 11 2 29
8 15 5 11 10
0 4

1 5 8 13 16 17 22 26
1 13 16 17 8
11 7 1 4 9
3 2

3 5 15 16 22 23 24 31
5 16 3 15 23
1 12 6 13 10
0 2

1 2 4 7 10 19 27 29
4 27 19 7 10
4 12 5 11 1
1 4

5 8 9 10 12 15 18 21
9 18 8 21 10
5 4 11 2 3
2 1

1 2 3 11 14 22 23 30
14 2 1 30 3
15 4 10 6 9
0 3

2 5 6 9 10 15 21 23
9 21 23 10 5
10 5 14 6 11
3 0

2 12 14 19 20 26 28 31
20 2 14 26 31
9 13 6 8 7
2 1

2 4 7 11 15 18 20 27
27 4 2 15 7
7 2 4 3 9
1 4

10 14 16 17 19 22 23 27
17 10 22 19 27
4 13 2 9 15
0 3

2 11 12 15 16 17 23 27
2 16 15 11 27
7 14 4 15 11
2 2

4 7 9 17 19 20 23 31
4 31 23 20 9
4 5 14 13 9
0 5

5 6 7 11 12 13 19 20
11 13 6 20 7
4 13 14 5 2
5 0

1 3 5 7 14 24 26 27
27 3 14 24 7
13 4 2 12 7
1 4

2 3 4 12 13 18 27 30
4 27 30 2 18
15 14 13 3 4
1 1

1 8 13 20 22 24 27 30
27 30 22 24 8
2 9 1 6 13
1 1

3 9 12 13 18 22 26 30
22 26 13 9 30
14 7 11 2 9
3 1

6 7 9 17 19 20 23 27
6 23 27 20 17
1 2 4 14 5
3 0

2 6 9 17 20 23 28 29
28 23 9 6 17
3 13 6 4 9
3 2

7 8 14 17 19 20 29 31
7 20 19 17 31
6 15 13 10 9
3 0

3 12 13 17 21 22 28 31
31 28 12 3 17
9 2 12 15 4
2 3

3 10 14 15 17 21 24 31
10 24 21 3 15
1 5 9 13 11
4 0

5 9 14 19 20 21 24 28
9 5 20 24 19
14 10 2 7 6
3 0

3 4 10 11 18 20 29 31
11 18 29 4 3
7 14 9 10 12
1 3

5 6 7 8 12 14 21 29
5 29 21 6 12
14 12 11 9 3
2 0

1 2 6 15 18 22 27 31
1 18 22 27 31
3 14 7 1 10
2 2

9 11 14 19 23 24 25 27
19 9 14 11 24
7 13 12 2 1
1 2

4 9 12 13 18 19 22 24
13 22 12 18 19
8 1 13 12 10
5 0

1 10 11 12 13 20 25 30
13 12 11 30 20
6 7 14 1 5
4 0

5 11 19 21 24 25 28 29
21 5 25 11 19
15 8 10 13 2
1 2

2 3 14 22 26 27 29 31
29 2 14 26 27
2 4 3 1 9
0 4

5 8 15 21 22 24 25 27
24 27 5 15 21
12 4 15 6 8
0 2

3 4 5 7 9 24 29 30
3 29 4 9 7
15 1 13 2 7
5 0

2 7 8 9 13 16 25 28
28 9 8 13 2
12 14 4 3 9
3 1

5 6 9 11 19 20 23 25
11 23 25 5 20
5 11 7 13 15
0 2

3 4 6 11 20 23 24 25
4 6 11 3 20
11 12 2 13 14
0 5

4 5 8 14 18 20 26 28
14 18 8 20 5
3 7 9 4 6
0 4

3 6 9 11 13 14 18 28
9 14 11 6 18
4 5 9 10 12
5 0

1 4 7 9 14 22 24 31
9 14 24 7 4
11 15 5 4 7
1 3

1 3 18 27 28 29 30 31
29 28 1 30 27
6 7 9 8 4
0 4

1 11 12 15 16 26 27 28
1 15 27 11 16
1 13 3 11 6
3 2

3 4 12 15 20 23 26 31
3 12 4 20 31
10 4 7 1 8
0 3

3 7 10 13 16 18 30 31
13 18 16 10 31
6 14 8 3 1
0 4

4 5 6 8 12 18 23 28
18 23 12 6 4
12 10 14 15 7
3 2

2 4 8 13 19 24 25 30
30 13 4 19 24
6 3 11 9 7
2 0

2 11 14 17 18 22 30 31
14 18 22 17 11
1 6 15 12 4
2 1

1 2 6 7 10 25 26 28
1 26 10 25 6
8 14 4 2 10
3 2

9 12 17 20 23 28 29 31
28 20 9 12 29
12 6 11 8 9
3 2

10 13 16 20 23 26 27 28
28 23 20 10 27
3 13 10 14 8
0 5

3 4 11 13 16 19 21 25
16 11 13 3 21
10 11 8 4 3
0 4

2 8 10 11 19 20 23 26
8 2 26 10 19
1 10 5 2 7
2 2

5 6 11 13 14 18 19 27
19 18 6 27 11
11 13 14 2 7
0 5

3 5 11 16 17 19 27 30
3 5 11 16 27
12 1 2 3 4
2 3

2 6 12 22 24 27 30 31
2 27 6 24 31
9 1 2 14 3
0 3

1 3 7 9 11 13 24 28
1 7 24 3 13
14 9 1 15 13
3 1

4 9 15 16 17 18 22 24
22 17 18 16 15
15 3 9 12 11
2 0

3 6 8 10 14 17 19 27
8 6 3 10 27
15 14 10 5 1
2 2

6 10 12 17 18 24 29 31
31 24 17 6 10
14 6 8 3 1
1 3

1 2 3 10 12 13 15 22
13 12 22 10 2
13 8 14 7 2
1 2

1 5 8 12 13 19 20 28
28 20 5 13 19
9 5 11 10 3
0 4

1 5 6 8 9 16 25 30
25 1 5 8 6
10 9 5 1 15
3 1

2 8 11 14 17 23 25 29
2 11 29 25 8
14 8 1 4 13
2 0

5 7 9 20 22 24 27 28
5 27 28 24 7
3 11 7 14 2
0 4

9 11 16 17 26 27 29 31
9 26 17 29 11
2 10 1 3 11
0 5

4 5 15 18 22 23 29 30
15 4 5 30 29
10 12 7 6 15
2 2

4 8 13 17 22 23 24 31
4 8 31 22 23
1 14 9 13 4
1 1

7 8 9 11 12 21 25 30
12 21 11 25 9
7 13 4 8 11
3 1

4 7 14 18 20 21 29 31
29 14 20 4 18
11 13 14 5 7
3 1

2 6 14 15 18 20 26 31
14 18 31 26 15
8 2 15 9 14
1 4

6 12 13 14 17 20 24 31
17 12 13 31 6
2 10 9 15 14
3 0

6 7 8 9 14 15 27 28
8 28 9 15 27
10 2 5 6 4
0 2

4 7 9 20 23 25 28 29
28 23 4 29 20
8 5 10 11 3
0 5

1 7 13 15 21 22 30 31
31 30 7 1 22
9 6 14 11 10
3 0

1 6 18 22 25 27 29 31
31 29 6 1 27
12 10 1 8 4
4 0

6 9 14 16 18 20 22 31
22 31 16 6 18
11 1 5 2 6
3 0

5 8 10 16 18 19 20 23
23 18 20 8 5
5 6 13 14 10
5 0

1 3 4 5 21 22 27 31
3 21 27 5 1
5 10 4 1 7
2 3

6 8 14 19 25 26 27 31
8 25 31 19 6
12 11 15 5 14
2 2

6 7 8 9 14 17 21 25
21 9 14 7 17
12 5 4 8 14
2 1

3 5 14 17 23 25 27 28
27 5 28 23 17
3 1 6 14 9
0 4

3 4 7 9 12 16 30 31
7 4 9 12 3
7 10 9 15 2
2 1

5 7 9 10 15 16 26 27
15 16 7 27 5
15 9 2 14 7
2 1

2 4 6 11 14 17 18 24
24 18 4 11 17
3 15 7 11 5
0 4

4 9 11 16 18 20 25 29
20 25 29 18 11
14 12 5 4 11
3 2

8 10 13 15 22 24 27 28
27 8 28 13 15
1 7 12 15 8
5 0

8 14 20 21 22 24 25 30
8 30 14 24 20
6 5 15 12 4
1 3

3 6 9 15 16 17 22 28
3 17 16 22 9
4 1 14 11 9
1 4

3 10 11 14 18 21 25 30
18 11 10 25 21
12 3 4 7 15
4 0

4 8 10 15 19 20 23 25
15 25 23 4 19
12 4 3 9 10
2 0

2 9 10 18 23 24 28 29
9 23 29 10 18
5 11 3 12 14
1 2

2 11 12 17 19 21 22 23
21 19 2 12 11
5 13 1 12 15
0 3

2 3 5 12 13 19 21 28
2 21 28 5 13
9 3 14 5 7
1 4

2 3 8 14 23 27 28 29
8 28 23 3 2
6 8 10 12 9
2 3

10 11 12 14 16 22 25 29
22 10 14 12 29
14 6 4 12 2
3 2

4 7 8 12 20 23 28 30
28 8 4 12 20
2 10 15 14 8
0 4

1 7 8 12 20 24 28 29
7 24 12 20 28
7 13 12 3 15
2 0

3 4 6 12 18 22 27 31
22 12 18 31 27
9 3 14 15 10
2 2

2 12 15 21 24 25 27 28
2 15 21 27 12
7 10 9 6 11
5 0

4 8 11 13 16 22 26 28
8 26 13 28 11
1 2 4 7 13
5 0

8 9 10 12 16 17 18 24
17 10 16 9 8
8 15 1 10 11
1 3

7 12 14 17 18 24 27 31
12 31 17 7 14
15 6 9 3 11
2 3

4 12 18 21 22 23 26 28
26 22 23 12 21
2 7 11 8 10
4 0

7 8 12 13 20 25 26 27
12 7 13 27 26
12 7 8 13 15
0 2

3 17 19 20 21 24 29 31
17 3 19 31 21
10 7 13 12 2
2 1

2 6 10 13 15 17 22 24
13 2 6 24 22
12 9 11 13 1
1 2

2 3 12 15 16 17 26 28
15 26 2 17 3
6 1 11 4 7
5 0

1 8 10 11 12 24 26 31
31 8 12 11 1
7 5 3 12 8
2 2

3 6 11 13 20 22 27 30
11 3 30 6 22
1 4 14 12 2
1 1

3 4 5 6 10 16 24 29
6 29 5 10 24
3 9 7 15 10
0 2

7 9 11 15 18 20 22 31
9 20 22 31 11
8 3 14 7 11
0 4

1 10 17 19 20 24 28 29
17 1 19 24 29
4 9 10 7 15
2 2

3 7 8 10 15 16 18 26
16 3 18 8 7
14 1 2 8 4
1 3

1 11 14 16 19 26 29 31
14 11 26 31 19
2 6 9 4 12
2 0

1 3 4 11 18 22 27 30
30 27 18 22 11
12 13 2 10 14
3 2

6 10 11 12 19 26 27 31
10 26 6 12 19
6 12 11 9 3
0 4

2 4 6 8 10 14 17 24
14 4 17 8 10
6 13 9 15 2
1 4

9 10 11 15 20 25 27 30
15 25 27 20 11
4 5 15 12 1
0 4

3 8 9 13 15 21 29 31
29 8 13 31 3
9 6 7 13 3
3 1

6 11 14 15 16 21 26 27
27 6 11 15 26
15 5 4 11 8
1 3

2 3 4 8 11 17 27 31
31 4 8 27 11
2 14 8 15 6
2 0

2 9 12 17 18 20 26 27
2 26 20 12 17
13 14 10 1 7
0 2

4 7 10 11 15 19 26 28
28 11 19 26 15
12 5 8 1 7
0 5

4 5 17 21 22 26 27 29
17 27 4 29 26
3 5 6 4 15
2 3

7 10 16 19 23 26 29 30
19 26 23 10 29
5 1 12 7 14
1 1

2 6 11 19 21 22 23 29
22 23 6 29 11
11 15 6 14 7
2 0

3 5 7 8 9 13 25 27
3 13 27 25 9
12 1 13 14 9
2 2

2 10 13 15 17 19 28 29
17 13 2 15 28
3 12 7 9 15
2 3

1 8 12 17 20 21 23 27
17 27 23 21 8
4 1 5 15 9
2 0

1 3 4 5 6 7 12 30
30 12 3 5 7
7 13 2 10 14
1 1

2 7 10 11 15 18 28 31
28 15 2 7 31
8 5 3 14 9
1 4

6 10 16 17 20 24 25 27
20 25 24 10 6
10 1 12 8 7
0 3

4 6 7 11 12 17 18 21
7 18 11 6 17
7 14 13 11 10
0 2

6 7 9 10 11 20 21 28
11 10 21 6 9
5 12 6 8 15
3 0

7 10 12 15 19 20 30 31
12 30 7 31 10
5 8 10 14 11
1 3

2 3 7 14 19 22 24 26
14 24 7 2 26
10 13 15 14 3
5 0

2 4 8 11 15 18 20 30
18 4 11 15 30
14 1 7 9 6
3 2

2 5 10 11 17 24 29 31
31 2 17 11 29
12 7 5 14 13
2 2

7 8 13 15 17 24 29 30
17 13 30 29 15
10 6 7 11 1
2 3

1 5 6 12 13 14 26 30
5 6 12 30 26
11 1 2 3 6
1 2

2 9 15 19 20 21 25 29
15 29 20 9 19
8 5 10 12 13
0 3

2 4 6 10 13 19 23 24
13 6 24 2 19
13 3 7 15 9
1 3

2 6 11 13 17 18 22 23
6 18 13 22 17
3 7 1 12 6
2 3

8 10 13 14 20 27 29 31
20 31 13 8 27
1 9 12 14 2
0 5

3 7 8 12 13 16 21 30
21 13 12 16 7
13 5 7 12 6
3 2

2 7 8 13 16 18 24 26
8 24 16 7 13
2 9 6 15 14
5 0

5 7 13 15 20 23 25 29
23 25 20 15 7
15 12 11 9 14
3 0

4 5 6 10 13 14 19 22
6 10 4 22 13
8 4 11 5 1
2 0

3 6 11 15 17 22 24 29
6 22 11 17 29
12 2 11 10 13
3 2

5 8 14 15 16 18 23 29
15 8 5 14 29
12 3 4 1 5
5 0

1 6 7 8 11 20 24 31
7 20 24 8 31
2 13 11 3 1
1 1

1 9 11 12 14 24 29 30
30 24 29 14 9
7 12 10 6 15
1 4

1 3 6 11 18 21 22 30
1 3 18 6 30
3 10 11 4 8
2 2

1 13 14 18 24 25 28 30
28 13 18 1 25
13 6 3 7 8
2 0

5 9 15 17 21 25 27 31
21 5 25 31 15
5 14 3 15 10
3 0

2 5 16 17 18 26 29 30
2 5 29 16 17
14 9 2 4 11
0 2

2 5 8 10 21 22 24 27
5 22 21 10 27
14 11 7 2 15
2 2

1 6 11 21 22 24 26 27
21 1 11 26 22
5 3 10 6 13
1 4

1 6 9 10 14 22 28 30
1 6 28 22 14
11 5 9 7 10
1 1

2 9 14 18 21 22 25 31
9 21 25 31 22
2 13 8 5 11
0 2

1 3 10 12 13 24 26 30
10 30 26 3 12
12 3 8 7 9
3 0

5 9 15 16 19 20 23 24
20 15 9 16 23
10 13 9 2 12
5 0

4 5 14 18 19 23 26 27
26 23 19 14 27
13 15 11 1 5
0 5

4 8 10 15 25 27 30 31
10 25 27 4 15
15 4 12 8 1
3 0

1 5 6 15 18 22 24 29
18 6 1 15 29
7 10 9 3 4
3 2

1 4 9 10 11 15 25 27
11 25 4 9 27
6 13 7 2 15
1 4

2 4 8 9 13 14 20 23
8 2 14 20 9
7 9 12 8 2
2 1

5 8 10 14 17 25 29 30
14 17 29 25 5
9 5 1 7 8
3 0

5 9 14 16 18 19 26 28
28 5 26 14 16
9 3 8 1 11
5 0

3 6 10 17 21 23 24 26
24 10 17 26 23
5 2 6 1 11
0 5

4 9 12 13 14 16 23 26
13 14 16 9 4
13 2 10 1 6
4 0

2 5 12 20 21 22 28 31
2 12 21 5 20
6 11 3 4 10
0 5

2 5 6 7 8 12 16 28
2 12 28 5 8
3 10 11 4 12
3 1

1 2 9 11 15 26 29 30
15 26 29 1 2
8 15 2 14 4
2 2

1 2 9 10 13 17 19 30
17 13 1 9 30
13 5 4 15 6
1 2

8 12 13 14 15 17 25 29
29 17 13 14 15
1 10 15 3 9
0 2

2 7 8 15 17 21 23 31
31 8 2 21 15
12 10 3 2 9
1 1

4 11 12 13 19 22 27 30
13 12 27 4 11
3 15 9 2 5
1 4

1 2 11 19 22 25 29 30
30 22 19 2 29
10 7 15 11 14
1 2

1 3 5 8 12 20 28 29
8 29 3 12 1
10 3 14 5 7
1 2

1 4 7 9 13 17 24 28
28 1 24 9 17
5 6 14 11 7
1 4

1 4 8 18 22 23 26 28
23 26 22 18 4
9 2 14 13 5
1 4

4 6 9 13 15 24 29 30
6 9 29 30 13
1 11 14 10 12
1 3

2 4 14 15 20 24 26 30
26 24 2 30 14
5 10 3 9 6
2 1

9 10 13 16 19 21 24 27
10 9 27 16 24
7 13 11 15 4
5 0

4 6 11 15 17 18 21 23
21 6 11 18 15
12 13 11 9 1
3 1

11 12 14 17 23 27 28 29
29 12 27 14 23
8 11 15 14 5
3 0

2 7 14 16 22 23 24 25
23 25 24 14 16
7 15 8 9 4
1 2

5 7 8 9 22 24 28 30
8 22 5 28 9
3 13 15 14 6
1 1

3 13 14 17 18 22 25 26
14 13 25 3 26
6 13 12 1 7
3 1

5 6 14 19 24 26 30 31
30 24 14 26 19
10 5 7 2 9
1 3

2 5 15 18 19 22 26 28
28 19 5 2 26
1 13 7 2 3
3 0

12 13 15 16 17 23 27 30
17 23 15 13 16
6 4 5 2 15
0 4

2 5 10 14 15 17 18 26
17 18 26 10 2
2 3 11 8 6
0 4

1 4 6 8 12 15 18 21
21 4 6 1 18
13 4 5 14 15
0 4

3 5 6 8 9 13 14 31
9 13 3 5 6
4 6 5 14 3
2 1

1 7 11 15 20 21 27 28
27 21 15 20 7
14 1 6 12 7
1 1

4 6 11 13 15 17 25 29
25 29 11 6 4
5 8 3 10 7
4 0

2 5 6 7 10 11 15 20
6 10 7 20 15
10 8 2 14 4
0 4

3 4 7 11 14 17 19 23
17 7 4 3 14
11 1 3 10 2
1 4

3 13 18 19 20 28 29 31
18 13 29 20 28
14 9 10 15 1
2 3

5 10 12 17 23 25 27 31
25 12 31 5 23
14 4 5 9 15
0 5

9 10 14 17 21 22 23 27
22 23 9 21 14
8 15 12 11 13
0 3

1 9 10 20 24 25 27 28
24 27 28 25 20
10 9 5 15 11
5 0

15 16 19 21 26 27 28 29
27 16 28 19 21
11 3 13 10 2
0 5

2 3 4 6 9 20 27 30
30 6 3 9 27
15 4 7 5 10
2 2

1 5 7 14 20 24 25 27
20 25 1 14 24
12 5 3 1 14
5 0

2 5 6 11 13 19 22 26
26 6 11 2 5
11 10 13 4 9
2 2

3 8 10 16 21 26 28 29
26 28 16 8 21
5 9 2 3 1
3 2

2 7 8 12 16 23 25 27
23 16 12 27 8
9 15 2 11 7
3 0

2 4 5 8 11 14 16 29
29 14 8 5 4
10 14 13 7 11
2 1

10 12 16 17 23 24 29 30
23 10 24 29 16
5 3 13 6 9
5 0

4 16 17 19 22 26 28 30
16 19 26 30 22
13 5 3 14 11
1 1

4 5 7 9 10 11 12 30
10 9 12 30 7
9 11 5 13 15
5 0

1 4 13 15 16 21 24 27
13 1 21 16 4
1 14 9 10 8
1 1

1 2 5 8 15 19 26 30
26 5 2 15 30
14 9 2 4 6
0 2

4 8 12 18 25 27 28 29
18 28 4 12 8
9 12 14 15 13
2 3

1 2 10 14 15 17 22 28
2 10 1 17 15
5 7 15 12 10
3 0

1 7 8 19 22 23 27 30
30 23 19 7 1
9 5 10 1 12
3 2

8 9 13 14 15 18 20 21
18 14 8 21 13
11 9 14 5 8
0 5

5 15 16 18 19 23 24 27
18 5 27 19 15
13 1 2 9 12
0 5

3 5 11 16 19 24 26 31
16 31 24 3 5
7 12 10 6 11
2 1

3 4 7 14 15 25 29 31
25 4 31 3 29
12 3 11 5 10
3 1

2 5 10 11 15 16 18 22
15 2 11 22 18
9 7 2 12 8
1 2

11 15 16 17 20 23 25 27
11 25 23 16 15
6 11 9 13 12
2 3

5 11 15 17 23 26 28 30
30 23 15 28 17
2 10 13 7 14
2 3

1 8 16 17 20 21 24 25
25 20 16 24 17
7 8 9 1 11
0 5

3 5 6 20 21 23 24 30
6 30 5 20 24
12 4 11 2 8
2 2

8 13 15 16 18 21 26 30
30 15 13 16 26
1 13 7 2 5
1 4

5 9 13 14 15 20 24 30
30 13 5 24 9
12 9 4 6 3
3 1

2 7 8 15 16 20 21 24
16 24 8 7 2
5 14 8 2 9
5 0

4 9 12 14 15 20 24 30
15 30 12 9 24
11 7 13 12 9
0 3

5 7 10 18 19 20 23 25
19 23 5 10 25
9 7 3 13 1
3 1

2 18 20 21 22 25 27 30
27 18 22 30 2
7 10 2 15 6
3 1

5 11 13 17 22 24 26 29
26 22 13 5 11
13 1 10 7 6
2 3

9 13 18 19 20 27 30 31
9 31 20 13 19
2 8 12 1 9
4 0

5 9 15 17 20 26 27 30
5 27 17 20 9
3 9 11 10 6
2 0

2 5 11 12 15 18 22 30
18 12 5 22 11
4 5 1 10 2
0 4

1 5 9 11 12 15 17 27
27 11 9 12 1
6 1 11 7 2
3 2

2 8 9 10 19 23 27 28
2 10 23 19 28
3 2 12 10 9
1 4

8 9 11 12 15 22 23 26
22 26 15 9 11
12 8 7 1 10
4 0

6 7 15 16 20 21 29 31
15 7 29 31 20
4 10 6 1 2
3 2

1 5 6 8 24 26 28 30
5 1 30 8 28
5 6 9 7 8
0 4

5 6 8 9 14 21 24 25
8 21 25 24 14
1 15 3 11 7
1 1

4 9 15 19 23 28 30 31
30 23 31 15 28
13 3 15 8 2
4 0

3 4 8 10 15 16 20 25
15 16 4 8 20
15 7 12 6 1
2 2

1 2 4 8 13 22 24 29
24 29 1 13 22
8 3 11 1 2
5 0

1 2 4 8 16 19 23 29
2 4 16 1 19
9 1 11 4 7
0 5

2 3 8 12 13 18 24 26
24 26 12 3 13
6 11 8 10 5
0 2

2 5 7 10 14 21 25 28
21 14 25 2 28
11 12 4 9 13
1 3

5 14 15 16 17 18 21 22
22 18 5 17 21
4 6 2 15 14
5 0

2 4 13 22 24 26 29 31
22 26 29 31 2
7 10 12 14 3
0 5

4 6 10 13 14 17 19 31
17 4 19 6 13
13 7 5 8 6
2 1

4 7 8 16 17 18 19 23
17 23 8 7 16
1 4 15 3 2
0 4

1 5 8 10 21 22 26 30
21 5 30 1 8
3 7 11 14 1
3 0

5 6 14 16 20 23 24 28
14 20 6 16 23
15 12 8 13 9
1 2

2 8 14 17 20 22 29 31
17 20 8 31 22
4 14 3 2 12
3 0

5 14 18 21 25 26 27 30
27 5 18 26 14
4 10 6 11 13
0 5

5 7 10 12 15 24 26 28
10 5 15 12 7
5 15 4 14 10
0 2

1 5 14 15 21 24 28 30
28 1 24 14 30
13 10 9 11 5
1 2

5 6 8 10 15 18 19 31
5 8 10 6 18
15 13 4 5 2
2 1

1 2 4 8 9 11 17 23
1 9 2 8 11
9 14 15 2 12
1 3

2 4 9 10 14 23 28 30
10 9 4 30 28
15 8 14 7 11
0 2

6 13 15 16 17 21 23 31
17 23 31 16 15
3 13 2 1 15
3 1

1 7 16 24 25 27 29 31
27 1 7 25 29
8 12 2 1 4
5 0

9 13 16 17 23 25 28 30
30 28 25 17 13
2 11 5 6 1
1 4

2 3 4 7 14 17 22 27
4 22 14 3 7
1 13 5 4 3
2 2

1 4 5 18 21 22 24 28
5 28 21 1 18
13 6 11 2 10
1 2

2 3 9 14 15 19 26 31
26 15 19 31 2
3 15 11 12 6
4 0

6 7 10 12 22 24 27 31
24 12 22 31 10
4 3 9 6 8
1 1

1 6 10 14 17 22 23 28
10 23 14 28 6
9 15 7 1 11
3 2

7 10 11 18 21 25 30 31
10 21 11 31 25
1 9 13 12 15
1 3

2 4 5 13 17 18 19 31
2 19 18 4 13
12 2 13 6 9
5 0

3 5 8 21 24 26 27 30
26 27 30 24 5
14 12 6 4 1
1 1

1 3 4 9 13 15 17 25
4 25 9 15 17
14 6 10 1 13
2 3

1 5 7 8 16 24 27 28
27 7 16 24 8
11 9 7 15 5
3 2

1 5 7 11 20 21 22 30
7 21 11 20 22
9 2 10 7 8
0 4

1 2 4 11 13 21 24 27
27 21 11 2 4
14 8 13 12 7
2 0

3 5 7 9 12 21 28 30
9 7 21 3 12
2 11 9 6 4
1 2

3 8 9 12 19 23 29 31
3 12 8 9 29
7 1 12 11 10
1 4

3 12 14 15 16 21 23 26
16 21 3 26 23
14 11 12 4 5
2 2

4 5 10 13 18 21 26 30
13 18 4 5 21
4 14 10 1 5
3 0

1 6 7 8 11 13 16 28
6 16 7 11 13
3 11 6 4 1
0 3

6 7 9 12 16 17 23 31
9 16 17 23 31
15 13 9 11 6
2 3

1 2 7 9 11 12 14 21
7 9 11 12 21
13 10 8 6 14
2 0

1 3 9 12 15 17 18 26
9 12 3 26 18
3 5 9 1 2
1 2

5 9 10 12 23 28 29 31
29 31 28 9 5
10 14 7 1 9
2 2

1 4 10 14 22 26 27 28
14 27 1 4 28
11 6 1 8 12
0 5

7 11 13 16 18 21 28 29
29 16 21 7 28
5 14 13 15 7
2 1

3 8 14 15 19 21 23 27
27 21 23 14 3
12 8 15 10 9
4 0

3 5 6 10 13 14 16 30
6 30 10 3 5
13 6 11 9 2
1 4

4 5 11 12 16 18 25 28
4 5 18 25 28
2 15 9 10 13
1 3

6 7 15 17 20 25 26 31
17 31 6 20 26
12 11 9 1 8
5 0

5 7 10 16 17 25 29 31
10 5 7 16 31
6 3 2 13 7
0 4

1 2 8 14 19 28 29 30
1 29 2 28 19
6 10 15 4 9
1 4

1 9 11 12 15 17 20 26
26 9 17 1 15
3 6 12 8 14
2 3

5 9 10 12 14 24 27 31
27 5 14 12 10
1 4 2 15 7
2 3

2 3 7 17 18 21 29 31
3 21 7 29 2
8 6 9 13 14
0 3

6 15 16 17 19 24 25 31
25 16 17 19 6
12 13 15 6 2
0 4

1 6 8 9 11 18 21 23
1 9 21 6 8
14 2 3 9 5
1 1

13 14 15 23 26 27 29 31
27 26 23 15 13
8 13 15 11 7
5 0

3 7 11 12 14 17 18 26
11 3 14 18 7
5 13 14 8 2
2 1

3 4 13 23 25 26 28 29
29 3 13 26 4
10 13 12 5 7
1 3

3 6 7 8 9 12 22 31
22 31 8 7 6
11 1 3 8 10
1 4

2 5 8 9 11 22 26 31
22 5 9 2 11
10 14 12 5 15
0 4

1 7 10 12 15 16 30 31
7 10 15 31 16
5 2 14 15 4
0 4

5 7 10 11 22 26 27 28
7 28 5 11 26
9 10 4 11 1
0 5

2 5 6 9 13 24 29 31
6 13 29 5 9
10 9 15 8 3
2 3

5 7 9 10 24 25 26 28
26 9 24 7 25
9 5 15 12 3
0 3

3 10 15 16 20 23 26 31
31 10 26 20 16
8 10 9 7 2
0 3

6 8 11 12 14 17 23 31
8 23 31 12 11
9 8 7 15 3
1 4

10 12 13 14 16 19 21 29
29 16 13 10 19
13 14 10 11 9
3 0

2 9 12 23 25 28 29 31
25 12 2 31 28
5 15 10 4 9
4 0

1 2 4 9 14 19 26 27
14 27 4 19 26
4 12 10 8 13
2 2

7 8 20 21 22 25 29 31
20 29 21 25 22
15 7 4 8 10
0 4

3 7 8 11 16 20 22 29
29 8 22 11 20
1 6 5 14 7
2 1

5 13 14 15 22 23 27 28
27 28 13 14 5
9 5 10 2 7
1 2

2 3 4 8 13 15 25 29
3 4 8 13 29
3 5 9 12 15
0 3

1 2 11 15 18 19 20 22
19 11 20 2 22
6 15 13 4 11
4 0

1 3 11 13 18 20 27 30
27 30 20 11 18
9 2 15 5 7
2 1

8 15 18 20 21 22 26 29
15 20 21 8 22
7 4 6 1 15
0 2

2 13 18 20 22 27 29 30
22 27 2 18 30
1 5 4 15 3
1 1

5 10 12 15 18 20 27 28
28 27 5 12 20
13 9 5 6 11
2 2

11 14 19 23 24 26 27 31
24 11 14 26 19
11 1 8 15 9
1 2

8 9 13 20 24 26 27 31
20 26 27 24 13
4 13 11 8 6
2 0

1 2 6 13 19 22 26 31
22 26 6 13 19
12 8 11 6 9
0 4

1 6 9 10 17 20 24 30
30 20 9 1 6
3 8 9 6 12
0 3

5 9 10 14 15 19 22 25
14 10 15 25 19
9 4 2 13 15
2 1

3 4 13 15 17 18 28 29
29 15 28 18 4
3 8 7 15 4
0 4

2 4 6 7 13 14 17 29
7 14 13 29 17
4 11 14 10 3
2 1

4 7 9 11 17 20 23 30
7 23 20 11 4
2 5 8 13 14
0 4

3 7 8 11 12 24 26 30
24 12 30 26 11
8 3 6 15 1
0 4

9 16 18 20 21 23 26 28
9 21 18 28 16
9 8 13 5 2
3 0

8 10 13 19 20 22 24 28
24 28 13 19 22
13 11 4 7 6
2 0

10 15 18 24 26 27 28 31
27 18 28 10 31
10 2 11 14 8
2 2

5 9 10 12 13 18 21 22
9 13 21 10 22
1 9 10 11 5
2 2

1 2 5 9 11 13 14 31
31 9 2 14 1
8 10 11 12 2
5 0

9 10 11 15 22 23 24 28
24 22 9 28 10
4 12 8 1 5
0 5

4 7 10 20 23 27 30 31
31 30 23 27 7
6 15 2 8 4
0 3

1 2 4 9 14 16 23 25
1 9 14 23 2
13 3 12 6 9
2 0

2 3 4 6 7 9 24 26
3 26 9 6 24
5 12 1 11 4
2 1

2 17 18 24 26 27 29 31
18 17 24 29 31
2 4 15 10 8
1 2

3 8 11 14 15 19 27 31
27 3 15 19 14
12 3 5 11 15
2 3

1 2 8 20 21 24 25 29
20 25 2 21 29
13 14 12 7 8
0 5

2 9 10 11 18 21 25 28
25 18 2 10 9
10 2 8 3 15
1 1

5 7 13 15 17 19 25 29
7 17 25 13 19
10 6 12 11 13
2 0

1 7 8 22 24 25 26 28
25 28 1 24 22
10 6 5 11 12
1 3

3 9 11 12 20 22 30 31
11 31 12 3 30
10 1 12 3 8
3 2

4 5 7 13 18 19 20 21
7 21 13 18 20
7 11 14 2 15
1 3

9 14 15 16 19 24 26 28
9 24 16 26 28
7 1 4 2 3
1 3

3 6 7 8 10 12 21 29
21 6 8 3 12
10 8 4 2 7
0 2

2 14 19 21 23 28 30 31
30 21 14 2 23
9 11 12 5 1
1 4

2 7 8 18 20 22 25 26
20 8 26 25 22
6 14 2 10 12
3 2

6 17 19 22 23 25 26 30
22 26 17 6 23
11 15 6 12 9
1 1

1 2 6 10 13 14 23 27
1 27 13 14 23
14 1 4 10 2
0 3

2 5 9 11 12 15 16 19
9 16 2 12 19
10 3 5 14 12
0 4

1 2 3 4 5 6 17 19
4 2 6 1 3
1 2 15 10 4
5 0

3 4 5 6 11 14 15 21
11 5 4 15 21
11 12 15 14 2
0 3

3 16 19 22 23 25 30 31
19 3 31 22 30
14 12 9 10 2
1 2

1 8 13 18 20 26 27 29
26 20 8 29 13
15 13 11 2 8
0 3

2 15 16 18 22 24 28 29
15 29 28 24 16
8 12 13 3 11
0 2

5 7 8 9 10 16 17 27
7 27 17 10 9
8 9 2 6 13
0 4

1 2 3 4 15 20 26 28
2 4 1 15 3
12 4 3 13 9
3 0

3 6 8 14 15 24 29 31
24 31 6 3 14
4 12 1 10 15
1 2

2 4 6 9 17 23 25 31
4 6 17 2 31
15 2 4 14 11
2 0

1 8 9 11 16 18 23 25
9 25 11 1 8
15 9 13 5 1
2 1

3 5 6 19 21 22 27 29
22 5 21 27 29
14 13 7 15 10
1 4

4 5 11 13 21 24 26 29
5 24 13 4 11
8 11 6 13 14
0 3

1 3 4 6 11 13 17 27
6 3 4 13 27
15 9 8 12 11
0 5

1 6 7 9 12 22 27 30
9 30 22 7 6
15 14 9 7 13
3 1

1 11 17 18 21 23 29 30
21 23 11 1 18
5 4 13 11 7
1 1

3 6 11 13 17 23 30 31
11 17 31 13 23
2 10 4 8 9
2 0

4 8 12 16 17 21 28 31
8 21 12 31 4
12 4 3 14 13
5 0

3 6 10 16 18 21 22 25
10 21 6 16 3
10 4 13 7 9
2 3

1 2 8 15 17 21 22 23
22 1 15 17 2
6 1 11 12 7
3 0

5 11 16 20 24 25 29 31
20 25 16 31 11
4 6 8 1 2
1 1

4 11 12 17 20 22 23 24
24 22 11 4 20
10 5 15 8 6
1 4

4 5 12 17 21 24 25 28
28 24 12 17 25
11 5 6 13 14
1 3

3 4 8 20 24 25 27 30
4 8 24 3 27
4 1 8 6 14
0 3

2 9 10 13 15 20 21 26
2 26 13 9 21
6 11 8 3 15
4 0

2 3 4 6 15 21 27 28
2 15 21 28 6
5 12 8 3 7
1 1

2 4 10 12 13 16 24 26
4 10 26 24 16
9 1 4 6 7
2 2

4 5 9 27 28 29 30 31
30 9 4 28 29
5 6 7 9 15
2 1

3 13 17 18 20 21 25 29
25 17 21 20 3
1 4 11 5 7
3 2

3 10 14 16 19 20 27 28
3 14 20 27 19
13 11 10 2 14
5 0

12 14 17 19 23 25 26 29
29 26 17 14 12
14 9 6 2 4
1 2

5 10 12 14 19 20 27 29
19 5 29 12 10
10 2 4 5 7
2 2

2 3 6 7 9 14 15 24
2 14 6 15 24
3 7 5 4 14
1 4

8 10 12 15 17 22 25 29
25 10 8 22 17
11 14 13 4 15
2 1

5 12 13 18 19 25 30 31
5 13 12 25 31
3 4 5 9 1
1 4

5 6 13 16 18 23 24 28
6 18 13 24 28
7 6 13 10 14
0 3

7 9 17 18 22 23 27 29
17 23 22 18 29
10 7 9 5 4
0 3

6 7 12 14 15 19 26 30
6 30 7 19 15
6 9 13 1 4
0 2

1 3 5 6 10 17 21 27
1 3 6 17 5
7 9 5 10 2
0 5

4 7 11 14 20 26 27 28
11 27 14 7 20
14 11 9 10 3
0 2

1 3 5 14 17 20 21 25
17 3 20 25 21
12 5 6 14 3
0 5

3 11 12 15 22 25 27 28
22 11 3 12 27
6 8 14 4 2
1 1

2 4 6 10 17 22 23 24
23 10 2 22 4
10 4 7 3 8
3 1

1 3 13 15 20 25 29 31
3 15 13 29 25
15 4 1 14 7
1 4

2 9 12 18 19 20 22 31
18 12 9 2 31
8 14 1 3 4
1 3

7 10 14 22 23 26 27 29
7 22 29 14 23
7 2 4 1 14
5 0

4 9 13 14 16 18 21 23
16 23 14 21 18
4 14 15 11 3
0 4

5 9 10 11 17 21 27 30
30 10 27 9 21
9 14 10 2 1
2 0

2 9 12 20 23 25 26 31
26 20 9 31 25
10 3 4 1 11
3 2

1 5 13 14 15 20 22 24
22 5 20 13 14
2 15 1 14 11
1 2

5 9 14 16 24 25 27 30
25 14 16 5 30
2 6 5 11 1
0 3

2 5 9 17 20 23 25 29
23 5 29 20 2
13 8 9 1 12
3 1

5 7 8 10 12 15 19 30
15 5 12 19 8
6 9 10 15 1
0 5

3 13 14 17 19 25 28 29
13 29 19 17 25
10 1 12 3 11
0 3

1 4 17 21 23 24 28 31
31 28 4 17 1
13 10 14 4 2
1 1

1 3 7 14 16 27 30 31
16 27 7 3 1
10 14 11 7 3
0 4

1 2 7 8 11 13 23 27
13 1 2 27 23
12 1 7 4 10
2 2

1 5 7 9 17 22 27 28
27 22 1 7 28
15 1 11 10 2
0 3

2 3 14 15 24 26 28 30
15 24 30 26 14
5 4 8 9 14
0 2

6 7 9 14 18 19 21 30
14 9 21 18 6
3 8 15 12 11
0 3

1 13 19 20 21 22 28 29
29 22 28 19 20
4 12 3 7 8
1 2

4 7 8 9 20 22 25 28
28 4 25 22 8
7 5 15 3 10
1 4

3 4 9 10 12 15 20 27
10 3 27 15 9
3 15 6 10 4
1 3

5 11 19 21 22 25 27 28
19 27 25 11 28
12 9 7 2 13
3 2

1 12 15 17 24 25 28 30
15 17 25 24 1
6 3 13 12 15
3 0

1 8 19 23 26 27 28 30
26 27 8 19 23
2 11 13 14 6
1 3

5 13 18 22 24 28 30 31
13 28 24 31 30
11 6 10 9 13
1 1

1 2 4 7 13 19 28 30
13 2 19 7 1
13 11 14 4 10
2 0

2 4 5 10 15 17 19 20
2 19 17 4 10
3 13 15 10 2
0 2

2 5 9 11 13 14 19 30
5 13 19 11 2
6 9 11 15 14
2 2

3 6 9 21 22 23 24 28
9 22 21 6 3
13 1 11 7 5
1 2

1 8 11 16 19 22 24 27
24 11 8 16 19
1 13 8 14 2
3 0

2 6 9 14 15 18 26 27
14 18 9 15 2
8 12 15 3 10
3 1

4 5 7 9 12 15 25 27
27 9 15 12 7
2 11 15 4 12
1 1

10 11 12 17 21 23 29 31
29 21 10 17 31
11 15 8 3 4
0 2

2 5 6 7 9 15 18 24
9 24 15 2 5
7 11 5 3 15
1 2

3 17 23 25 26 28 30 31
3 17 25 26 28
3 13 14 9 8
4 0

4 5 6 14 18 19 23 28
28 14 6 19 23
15 10 8 9 1
3 0

5 6 9 10 18 24 25 27
10 24 25 18 5
14 8 3 12 2
2 1

4 6 11 12 16 17 29 30
30 6 11 16 29
7 9 2 13 3
0 2

3 6 10 16 18 20 21 31
16 20 21 6 3
13 1 2 3 7
0 5

1 2 9 12 14 24 25 26
25 1 14 12 24
7 12 4 15 14
2 3

2 14 15 23 24 25 29 30
23 15 25 24 30
8 2 10 4 9
4 0

2 5 9 11 14 16 17 21
5 11 2 21 14
4 7 14 11 15
2 1

1 8 12 15 17 20 23 29
29 1 8 17 23
1 6 8 12 2
2 1

5 6 7 15 22 23 26 29
23 15 29 5 7
9 8 2 15 14
2 1

2 7 12 19 22 23 30 31
31 22 2 30 7
5 14 9 2 13
1 2

7 8 11 15 16 23 25 28
7 15 16 23 8
13 10 5 9 6
1 1

4 5 6 7 22 23 25 26
5 22 6 23 26
2 1 8 4 7
1 1

1 5 16 17 19 27 30 31
19 30 16 1 27
1 7 14 12 5
1 2

5 12 14 17 19 20 27 30
19 5 17 12 30
14 1 3 5 6
1 3

4 5 10 19 20 21 26 28
5 26 28 4 20
5 13 14 1 2
0 5

1 6 16 19 23 24 27 28
28 27 1 6 24
7 2 10 13 11
2 2

7 14 16 20 22 23 24 28
22 20 14 28 24
15 7 10 12 14
0 4

6 9 10 11 15 19 26 29
6 26 19 9 10
3 13 14 5 6
2 2

2 3 7 14 17 19 20 31
20 2 14 3 31
11 7 2 3 12
0 4

1 2 3 13 14 18 27 30
2 30 18 1 13
11 3 1 10 7
1 4

2 3 4 7 20 23 24 27
3 27 20 2 24
2 4 9 6 7
0 2

3 6 8 9 21 22 25 27
25 22 3 6 9
7 14 6 11 1
3 1

3 7 17 18 26 27 28 29
28 17 18 29 27
6 13 4 10 11
0 3

6 7 15 18 22 24 26 31
18 31 6 26 7
10 11 3 5 2
2 1

4 5 12 20 21 24 25 29
5 20 29 21 12
4 1 13 8 12
2 1

2 9 13 14 15 16 19 31
13 9 31 14 2
9 3 13 2 7
1 2

2 12 13 15 20 23 24 25
24 13 12 20 2
13 12 8 3 14
1 2

13 19 20 21 23 24 26 28
19 26 21 13 28
5 2 3 8 11
0 4

4 13 18 19 22 25 27 29
4 27 18 29 25
4 5 15 12 14
4 0

1 4 9 13 15 16 18 24
15 13 18 1 9
14 11 8 13 2
5 0

2 4 5 6 7 8 16 24
6 16 24 5 7
15 3 6 10 11
2 0

1 2 5 16 25 26 28 31
2 5 28 1 26
10 5 4 12 15
3 2

2 5 8 9 11 15 18 21
8 5 9 21 11
6 11 4 9 1
2 2

2 3 8 10 13 16 19 31
10 19 31 16 13
3 2 9 11 4
1 3

2 4 9 17 19 21 23 27
2 4 19 23 9
4 10 12 14 7
3 2

3 4 11 13 17 19 20 26
3 26 20 4 17
8 3 14 10 2
1 2

1 6 16 19 21 25 26 27
19 26 1 6 27
3 1 14 6 10
1 1

7 11 14 15 16 24 25 29
11 14 7 25 15
1 14 15 5 3
2 0

2 5 7 8 9 12 19 30
9 7 19 5 12
10 14 3 4 13
4 0

1 3 6 14 22 26 28 30
14 6 1 26 22
12 3 10 14 5
0 2

1 7 8 13 15 17 21 22
8 7 1 13 22
6 15 8 3 1
0 2

3 6 9 14 18 23 28 29
3 28 29 23 9
14 3 13 4 9
2 0

1 6 7 11 14 23 29 30
1 30 6 23 11
10 7 9 11 14
0 2

2 6 13 16 17 18 21 24
24 6 17 13 16
5 2 11 12 13
0 2

3 7 10 13 15 25 26 30
30 13 3 25 26
5 15 12 2 8
1 1

7 14 15 20 23 26 28 30
28 30 14 15 23
9 8 2 14 4
2 1

3 11 13 17 18 25 28 31
25 11 18 17 13
6 13 14 4 10
0 5

9 16 20 23 25 27 28 30
9 28 20 23 16
9 13 3 7 4
2 0

4 6 9 11 16 17 20 24
20 4 17 9 16
13 15 14 1 5
2 3

1 3 8 10 14 23 25 26
8 23 25 14 26
1 13 5 4 7
4 0

1 10 15 17 19 23 24 31
1 23 19 10 31
3 8 1 5 9
2 3

3 4 6 8 12 14 18 28
18 3 14 8 12
7 4 1 14 9
2 0

2 4 7 12 19 24 29 30
7 19 12 2 29
15 2 4 6 13
5 0

4 9 14 16 20 24 25 31
4 14 31 9 20
11 12 7 2 8
2 0

7 11 14 15 19 20 23 24
24 23 11 14 19
8 13 2 15 1
0 2

1 3 4 5 15 16 17 23
16 15 4 3 1
4 2 10 12 14
1 4

1 5 10 11 20 23 29 31
23 29 10 1 31
7 8 12 9 14
1 4

1 8 15 19 20 25 29 30
19 20 30 1 15
3 14 1 6 12
2 3

1 2 5 10 19 20 24 28
28 20 24 2 10
2 3 12 9 13
0 5

4 15 19 21 23 24 27 29
15 21 27 29 23
2 8 12 14 6
4 0

4 7 10 16 24 25 29 31
4 16 7 25 31
11 4 12 10 5
0 2

7 12 13 15 18 20 25 30
15 25 12 7 13
3 4 13 6 1
5 0

1 2 6 10 11 21 25 26
10 26 6 11 1
9 7 1 15 3
3 0

7 8 15 20 22 23 25 28
28 23 8 20 25
3 2 5 13 1
0 2

9 10 11 12 16 26 27 31
9 11 31 12 16
5 1 8 2 7
0 3

8 10 11 17 18 21 24 31
10 17 21 11 18
4 11 14 1 5
1 2

1 6 11 12 14 22 29 31
6 12 22 1 31
15 6 2 13 12
1 4

3 5 20 22 23 27 28 31
3 27 23 28 22
5 8 6 14 7
2 1

10 12 14 20 24 25 27 31
31 24 12 10 14
3 9 10 4 6
1 2

2 4 5 11 12 13 24 25
5 2 11 12 24
7 9 1 14 6
1 2

6 7 11 15 18 22 23 27
22 27 23 15 7
11 13 1 5 8
1 1

2 7 8 11 12 21 25 30
2 7 11 21 25
2 11 10 9 1
1 4

2 3 5 6 8 13 23 25
23 6 25 2 8
10 7 12 13 4
2 2

2 5 15 17 18 19 25 26
26 17 19 5 25
9 11 13 6 14
2 3

4 9 12 17 19 20 28 31
9 12 28 17 20
10 8 4 14 5
0 2

1 4 17 19 20 22 24 28
20 17 24 22 28
9 11 5 14 8
4 0

1 9 12 14 18 23 28 29
18 14 28 12 9
3 6 2 10 12
4 0

14 15 16 17 18 19 22 30
16 19 17 15 22
5 8 15 14 13
2 1

4 5 17 20 21 24 27 30
5 17 24 20 21
8 12 5 7 1
0 3

2 4 6 8 9 10 13 24
8 4 10 6 13
5 9 3 11 1
3 1

1 3 15 20 22 26 27 30
22 27 15 3 20
13 14 1 11 7
0 3

8 9 12 13 14 18 19 22
12 19 22 14 18
6 3 10 12 7
2 1

2 3 4 7 9 11 26 28
11 3 9 2 28
1 6 11 9 3
0 5

5 6 7 8 11 15 22 30
30 5 7 11 6
11 1 15 13 7
2 0

4 7 9 10 18 22 26 31
7 10 31 4 18
14 15 1 9 3
5 0

2 6 8 9 17 20 24 25
9 20 17 2 6
10 5 9 15 13
0 2

1 7 13 24 26 27 30 31
24 31 1 26 27
7 5 2 8 6
1 2

3 5 7 19 20 21 22 27
27 20 7 3 21
2 3 10 5 8
5 0

1 4 5 8 12 17 18 27
18 8 5 12 27
9 7 1 10 3
5 0

2 12 18 27 28 29 30 31
28 2 18 12 27
15 9 14 11 6
1 3

1 4 5 11 15 19 22 25
1 4 22 25 5
10 7 4 8 11
2 3

1 6 12 13 14 16 21 26
21 13 6 14 1
14 13 8 9 5
2 2

3 4 5 6 7 19 22 31
3 7 4 6 5
10 5 1 15 4
4 0

8 9 10 14 16 20 26 30
8 14 20 10 9
9 10 6 15 2
2 0

1 2 9 11 14 17 26 27
9 14 1 2 26
13 4 7 11 9
5 0

4 7 15 18 20 23 24 29
7 18 20 24 15
13 5 9 4 2
3 2

2 6 7 12 16 17 23 29
12 16 2 7 29
5 6 13 1 9
5 0

3 5 12 15 17 25 29 30
29 3 12 5 17
11 5 1 10 9
2 0

1 13 18 21 22 25 28 31
31 13 25 1 18
11 14 4 9 13
0 5

1 4 13 14 18 25 26 30
14 18 4 26 30
2 14 15 5 11
1 1

5 9 15 18 23 25 26 27
9 23 18 27 26
4 3 12 8 15
5 0

10 11 13 16 18 27 30 31
13 31 18 16 11
8 11 9 15 3
1 2

7 15 16 18 21 22 25 27
27 7 21 15 22
8 7 12 4 6
2 3

2 3 7 11 13 18 21 25
21 2 11 3 7
4 11 9 3 13
1 2

1 6 12 14 19 27 29 31
12 14 6 29 31
11 8 2 10 12
1 2

2 5 7 9 11 21 23 24
23 9 7 2 24
10 7 11 6 9
1 3

7 8 12 20 21 25 27 30
12 20 7 8 30
7 13 10 11 5
1 4

8 9 18 19 21 23 26 31
9 26 8 21 19
13 5 1 7 14
0 4

1 7 11 13 14 15 20 25
20 15 13 11 25
13 5 4 6 3
3 1

3 5 12 15 21 24 27 31
27 24 21 31 5
11 5 4 13 9
2 1

3 5 8 10 24 25 26 29
10 8 3 26 24
5 7 9 8 15
0 3

3 9 10 16 17 27 28 30
30 27 28 9 10
9 14 5 8 15
0 3

12 17 19 20 26 27 29 30
20 27 19 12 17
1 10 9 14 15
2 2

1 10 12 13 18 21 29 31
18 1 31 29 13
14 7 1 6 15
2 0

1 2 3 4 9 15 16 20
9 4 16 3 2
4 1 13 9 15
1 3

7 14 17 20 21 29 30 31
31 30 17 21 7
10 8 2 11 6
0 5

3 4 7 11 14 15 26 27
11 7 15 27 4
10 11 14 1 8
1 1

2 4 6 9 14 17 20 24
4 24 14 9 6
1 2 12 10 3
1 2

2 3 11 13 16 19 28 31
2 28 19 11 16
13 2 14 6 15
0 3

1 5 11 14 18 19 22 25
22 18 25 1 14
6 9 14 8 4
1 3

1 5 8 11 15 24 28 30
1 15 30 8 28
4 5 12 7 6
2 2

4 6 9 16 17 19 21 22
9 19 4 6 21
15 2 8 13 7
2 1

1 2 5 9 19 21 27 31
21 31 2 5 27
6 2 7 13 12
3 0

4 8 9 12 14 17 23 30
9 30 4 23 12
13 2 15 8 5
3 2

1 3 8 9 19 21 27 30
27 1 8 9 30
12 11 15 10 7
3 0

1 2 5 6 8 12 14 27
12 5 6 1 2
7 5 12 6 15
1 1

6 9 12 13 18 19 20 29
20 13 18 12 6
13 14 3 8 2
0 2

1 2 8 15 17 18 24 27
24 17 27 2 1
11 4 2 10 15
2 3

4 6 9 10 13 16 25 29
13 25 4 9 6
9 6 1 13 5
1 4

5 8 12 14 19 24 25 30
8 25 19 5 14
12 11 2 10 6
2 2

7 8 16 17 19 24 26 29
8 29 24 19 7
5 11 10 8 14
2 1

1 8 12 16 19 22 26 27
16 19 26 27 1
4 6 15 14 8
3 0

1 7 12 15 16 21 27 31
15 16 12 21 31
2 5 13 14 3
2 0

1 5 14 16 21 22 27 28
22 27 28 16 5
12 9 3 11 6
3 2

7 9 13 14 15 23 24 28
7 24 23 28 14
9 14 4 8 11
3 2

2 4 5 9 13 18 28 29
2 4 28 9 18
1 5 15 6 2
4 0

2 4 5 15 23 25 26 31
25 15 4 5 31
11 15 10 8 2
0 2

6 7 11 12 13 27 28 30
12 30 7 13 27
4 13 14 15 12
3 2

1 3 4 12 21 24 27 30
27 1 30 24 3
10 3 5 15 12
1 3

4 10 11 17 20 23 24 25
20 11 25 23 24
9 11 7 13 12
5 0

6 9 14 20 24 25 28 31
24 14 9 20 31
4 9 7 14 3
1 1

3 8 10 13 17 18 19 20
20 8 17 19 10
3 13 15 12 5
3 2

1 7 12 17 22 24 28 30
7 28 30 17 12
7 10 2 1 4
3 1

1 11 15 16 21 24 27 28
24 15 16 28 1
7 13 2 15 14
2 1

1 4 17 18 19 24 29 31
1 4 24 31 17
1 2 15 14 13
2 1

2 4 7 10 21 24 25 28
7 28 4 21 10
13 12 9 1 3
1 3

4 5 15 20 22 25 29 31
22 29 4 5 15
6 12 10 9 5
0 3

1 5 14 15 16 21 27 28
5 21 27 15 1
3 1 5 14 6
1 1

5 10 16 17 23 27 30 31
10 23 31 17 27
9 10 8 11 13
2 0

9 10 11 13 16 21 26 30
16 9 21 13 10
10 8 14 5 3
2 0

1 5 7 8 13 14 17 25
5 1 17 14 25
8 14 15 9 2
2 0

3 9 10 12 13 20 21 28
3 28 20 21 13
14 11 7 12 6
2 1

3 5 7 8 13 16 19 24
13 7 16 19 8
14 11 6 2 3
1 2

4 5 6 15 17 23 28 30
5 30 23 28 17
9 8 4 2 12
3 2

3 8 10 17 20 22 23 28
20 17 28 22 10
10 14 3 2 11
2 3

3 4 6 10 12 14 20 28
28 14 3 10 4
10 1 4 9 13
1 1

7 12 14 17 18 19 22 23
7 12 19 14 18
15 4 9 13 14
0 3

5 13 14 18 21 24 26 30
21 18 5 14 26
5 9 2 13 11
0 5

6 7 12 13 19 20 25 28
28 19 13 20 6
15 2 8 7 5
1 2

1 2 4 11 15 16 25 27
1 25 16 15 27
13 2 3 9 1
1 4

4 6 10 12 15 22 25 29
25 6 10 15 29
13 4 10 12 11
2 3

2 3 5 14 20 23 29 31
3 5 2 23 31
5 15 7 12 11
0 2

2 3 14 15 19 20 24 27
3 24 2 14 15
10 5 14 12 8
0 3

5 6 10 16 18 19 26 27
16 6 18 5 19
8 2 14 1 4
5 0

2 8 9 11 18 19 24 26
9 18 2 24 19
14 3 12 9 8
1 1

4 5 7 15 19 21 22 25
5 22 15 7 4
9 12 4 14 10
4 0

3 10 12 16 17 19 20 21
21 3 10 12 19
7 9 6 13 4
0 4

3 5 6 7 14 15 16 18
14 5 16 3 6
3 12 5 1 14
2 3

7 10 12 14 24 25 29 31
29 24 7 12 10
7 5 14 10 12
2 1

11 13 14 18 19 21 22 27
14 22 11 13 18
2 6 14 7 5
2 0

2 3 12 14 16 21 26 30
3 26 14 30 12
6 15 9 11 13
1 2

10 14 22 23 26 27 29 31
29 23 22 31 10
5 10 1 2 4
0 4

18 22 24 25 26 28 29 31
28 24 31 25 26
9 1 11 7 8
1 4

8 17 18 19 21 24 25 29
19 29 25 8 18
3 8 13 2 10
1 3

1 3 4 7 20 24 26 28
4 20 26 7 24
15 9 8 5 1
3 1

1 5 17 21 24 27 28 30
1 17 27 21 28
4 7 14 5 2
1 3

1 3 5 10 21 23 24 30
24 30 23 3 1
10 12 14 2 15
2 2

1 2 15 17 20 23 25 27
15 27 1 25 20
14 12 4 10 5
1 3

1 3 7 9 10 14 25 29
1 9 25 10 29
2 3 10 12 8
0 5

3 14 15 17 18 23 29 31
17 18 31 15 14
5 10 12 7 6
1 3

4 7 16 17 20 24 25 26
7 20 17 24 25
2 13 3 15 9
2 3

1 5 11 12 19 21 24 25
24 21 11 19 5
10 1 2 15 12
4 0

1 8 10 11 14 19 21 24
19 24 10 11 8
13 14 2 6 3
0 4

2 3 4 6 17 26 27 30
4 2 6 17 27
15 11 13 3 10
3 0

5 6 11 13 14 15 20 29
5 29 13 14 15
13 6 1 12 4
2 3

1 6 9 11 13 19 29 30
1 13 30 29 9
1 7 14 12 3
1 2

1 3 6 7 8 25 27 31
25 7 27 31 3
6 11 4 14 7
0 4

8 11 13 20 27 29 30 31
30 20 8 13 31
11 9 2 12 8
3 1

1 4 5 10 14 23 28 30
1 4 10 28 30
3 11 12 14 2
4 0

1 3 6 13 14 16 23 30
1 6 3 13 23
2 7 11 3 8
3 1

5 6 12 14 16 17 24 28
24 17 12 28 6
12 6 1 10 8
2 0

2 3 9 10 11 13 14 30
30 2 14 11 9
15 2 5 7 6
3 2

1 19 20 21 23 26 29 30
26 19 20 30 29
11 6 10 14 2
3 0

1 6 10 12 18 21 28 31
31 6 12 28 1
9 10 12 3 14
5 0

7 14 15 16 18 24 25 28
16 7 28 15 24
8 6 15 5 1
2 0

1 4 6 8 10 16 20 30
16 6 30 1 10
3 4 14 10 11
0 4

7 8 9 11 12 17 19 26
12 26 8 19 17
4 6 15 10 9
1 4

1 2 3 19 27 29 30 31
1 31 27 29 3
14 13 7 5 1
1 3

4 13 22 24 27 28 30 31
27 13 24 28 22
12 6 15 14 8
4 0

2 9 14 16 21 23 27 31
16 2 9 31 23
8 5 6 12 3
1 1

2 4 15 17 19 20 29 31
29 4 2 19 20
8 15 11 3 4
1 2

3 6 14 15 16 26 27 31
16 27 26 6 3
9 5 15 14 11
3 0

3 7 9 12 19 26 27 29
3 12 27 26 19
8 10 3 2 15
2 1

1 7 9 14 17 22 29 31
1 7 31 9 14
2 1 14 10 4
3 1

2 4 5 7 8 17 19 24
24 19 17 2 7
3 15 8 6 12
0 4

1 2 16 25 26 27 28 31
1 25 16 2 26
8 15 9 13 3
4 0

2 5 12 14 25 28 29 30
30 12 25 5 2
3 8 14 4 5
1 4

1 5 11 13 23 26 28 29
23 29 1 26 5
12 9 2 15 4
5 0

4 5 12 13 18 20 22 31
12 4 20 22 18
10 7 6 11 3
2 3

3 4 5 9 13 20 23 31
23 31 3 20 9
6 14 2 1 12
1 2

1 13 16 18 22 25 27 29
13 16 22 25 1
7 13 14 5 1
0 4

6 15 17 19 21 23 26 29
6 15 26 19 29
2 13 5 7 11
1 4

12 15 19 20 21 22 23 25
19 21 23 15 25
7 1 6 4 11
2 3

6 7 12 15 23 28 29 31
29 15 7 12 6
11 13 10 7 9
3 1

7 11 14 16 25 26 28 30
14 11 28 26 30
4 7 2 12 11
0 2

4 10 11 19 23 25 29 30
4 10 11 30 29
5 7 9 1 2
2 1

3 4 5 6 15 27 30 31
4 6 30 31 27
11 5 14 10 6
2 2

1 5 12 15 16 19 20 27
1 27 20 16 5
14 6 7 8 1
2 0

3 5 6 8 17 18 19 22
6 22 18 5 8
2 4 3 8 11
0 2

4 15 16 17 20 25 30 31
20 25 4 15 31
1 4 14 7 8
2 0

2 4 6 12 14 19 25 26
26 12 25 6 4
8 6 4 9 1
5 0

2 7 9 16 21 24 27 28
21 28 2 7 16
11 2 10 6 3
2 3

1 7 8 12 22 25 26 29
8 7 25 29 1
8 2 11 15 10
1 1

1 2 5 6 11 19 23 26
26 5 19 2 11
7 2 14 13 8
0 4

2 7 13 17 20 22 25 28
7 13 20 22 28
3 9 5 11 10
3 1

1 6 7 10 11 16 22 29
10 22 6 29 16
5 12 10 3 1
3 0

2 3 4 7 10 17 19 23
7 2 4 23 19
10 3 2 15 6
0 5

1 11 14 18 19 22 23 28
14 28 22 19 1
10 8 6 11 1
1 3

8 11 13 15 18 24 27 29
27 29 15 13 8
11 7 8 12 3
3 2

1 2 6 11 14 18 21 23
18 14 1 2 6
13 4 2 6 9
2 2

1 3 4 5 19 20 28 30
4 28 30 3 1
5 13 7 2 9
0 2

3 5 8 21 23 25 29 31
5 23 29 31 21
3 13 15 10 4
5 0

5 7 18 21 22 23 30 31
23 22 31 5 18
2 10 8 9 13
0 2

3 7 16 18 20 25 26 31
25 7 31 16 18
5 1 7 6 3
2 2

3 5 6 9 11 13 14 30
9 3 14 30 5
6 10 12 4 15
0 3

3 8 9 17 18 25 29 31
9 17 25 31 8
12 14 13 10 8
3 1

1 2 7 8 18 23 28 31
2 1 28 31 18
1 3 9 10 11
1 4

10 13 15 16 18 24 28 31
18 24 10 15 16
9 3 7 6 13
2 1

2 5 7 8 16 22 26 28
7 8 5 22 26
3 8 2 15 11
1 2

7 13 16 20 26 28 29 30
28 29 20 26 30
3 8 11 4 6
1 1

1 12 16 17 18 26 28 31
1 12 26 18 16
6 5 1 9 12
2 1

4 8 11 17 18 20 21 30
4 21 17 20 11
11 6 3 13 9
0 4

1 4 7 22 25 27 29 31
31 25 7 29 27
5 8 11 1 13
4 0

6 9 10 14 17 20 23 30
9 23 17 10 14
10 8 15 3 7
3 1

5 6 7 8 23 24 26 30
26 5 24 6 30
8 4 9 5 3
1 1

2 9 11 14 18 19 27 31
27 9 14 31 18
6 3 13 2 12
5 0

