1000

1 3 8 13 16 18 26 30
16 8 13 26 18
6 15 4 14 10
2 3

1 2 8 13 19 20 21 30
13 21 1 19 2
15 8 6 2 1
0 3

8 12 16 19 26 27 29 31
12 19 16 27 31
1 9 13 11 10
1 4

4 6 12 14 16 21 22 23
6 21 23 22 12
8 7 2 1 12
3 1

2 6 10 18 25 27 28 29
2 10 18 25 27
2 1 12 7 13
0 4

2 4 5 6 7 11 17 29
7 11 17 4 6
4 2 15 10 7
0 3

2 4 8 20 22 25 26 29
26 22 8 29 25
6 3 15 1 14
2 2

5 7 9 17 18 25 26 31
7 25 18 5 17
14 11 9 1 13
1 3

10 11 19 20 21 22 25 27
21 25 11 10 22
10 14 4 8 13
2 2

2 6 11 12 13 17 19 30
30 12 6 17 19
15 8 14 10 1
3 0

3 4 8 20 22 24 26 27
22 27 3 24 4
6 15 13 12 2
1 1

2 4 7 10 16 18 21 29
29 10 2 16 4
2 1 9 6 13
0 3

4 5 7 9 13 20 21 28
21 5 9 13 28
14 8 4 13 11
0 4

3 5 19 23 25 27 28 29
19 25 23 5 27
6 4 3 13 10
2 2

1 5 13 18 23 25 26 27
26 1 27 18 13
4 10 6 2 1
3 0

12 14 16 21 23 26 29 30
16 12 29 23 14
3 13 9 2 1
1 3

1 13 16 20 21 23 27 28
20 16 23 1 28
5 7 8 13 9
1 2

3 4 6 10 14 19 23 30
30 10 3 6 23
2 1 12 3 11
0 3

4 5 7 10 14 16 23 30
16 7 10 30 14
4 8 10 13 5
3 2

7 8 10 12 21 22 23 26
22 21 10 8 23
14 6 2 1 3
3 0

1 4 5 11 20 21 26 30
1 21 4 30 5
4 12 1 13 11
0 4

1 2 6 9 12 19 24 26
1 12 26 6 9
4 5 8 2 1
0 3

2 12 18 20 21 22 27 31
2 31 21 20 18
4 13 10 5 11
2 0

4 5 10 11 14 17 20 28
11 17 4 20 14
4 2 8 5 15
2 0

4 5 6 12 18 26 28 30
26 28 30 6 12
15 13 9 8 4
0 4

3 12 15 26 27 28 29 31
12 31 26 27 29
1 11 10 5 13
0 3

2 9 16 22 23 24 25 29
25 23 24 16 9
8 13 7 2 1
3 1

1 3 9 11 15 22 30 31
11 30 31 9 15
12 6 8 4 2
2 1

5 9 10 12 15 22 24 29
15 22 10 12 5
4 2 12 7 8
0 2

4 5 6 9 14 22 27 29
27 4 29 14 6
4 2 11 6 3
4 0

8 9 10 19 20 26 30 31
30 26 10 20 31
10 2 13 8 4
2 0

2 3 5 16 21 28 29 30
5 16 29 30 28
10 8 4 11 13
3 0

2 4 5 8 11 13 16 26
26 8 13 5 2
4 15 11 9 1
1 2

2 6 8 10 12 14 16 17
12 2 8 6 17
7 8 4 2 11
3 2

4 6 7 14 18 19 20 24
4 6 20 19 7
7 5 11 3 12
0 2

1 3 6 16 17 28 30 31
3 31 16 17 28
12 5 4 2 1
3 0

5 6 12 16 22 27 29 30
29 27 6 5 30
12 14 15 2 8
2 3

3 9 10 12 13 14 23 30
30 14 10 13 3
2 13 8 12 6
4 0

7 10 23 24 26 27 29 30
27 10 23 29 26
3 4 10 8 7
0 3

12 21 22 23 24 25 29 30
29 24 22 23 25
3 5 8 11 2
3 0

3 10 11 16 17 18 21 24
16 24 17 3 11
7 6 3 13 1
0 2

7 12 16 17 19 20 28 29
20 16 19 7 17
4 8 13 2 15
2 1

2 3 6 10 14 23 26 29
14 3 2 10 6
10 3 2 1 13
0 2

1 4 5 9 14 17 26 28
9 4 26 28 17
10 5 6 12 11
4 0

2 7 9 18 25 26 27 29
29 25 9 7 18
1 6 9 10 8
2 3

2 6 8 10 15 20 21 26
8 20 15 6 10
4 13 14 2 1
2 0

3 5 9 10 22 23 25 31
23 3 5 25 9
8 10 11 9 12
2 3

5 9 14 15 16 20 22 24
24 22 5 16 20
14 15 11 9 3
2 3

4 6 11 13 20 21 24 28
6 21 11 20 13
6 14 10 12 11
2 2

4 7 10 12 13 20 25 31
12 4 13 25 10
11 9 8 12 2
0 4

2 8 11 15 22 23 24 28
15 8 2 28 23
4 14 8 2 5
3 1

2 3 4 6 7 10 19 28
2 28 10 3 4
10 13 2 1 3
0 4

2 5 15 16 20 22 26 28
15 5 16 26 28
7 12 6 11 14
1 4

4 11 12 13 17 19 23 29
29 23 12 17 11
7 13 5 3 2
2 1

5 6 8 11 16 23 27 29
27 11 16 8 29
11 8 4 13 7
3 0

1 3 9 12 13 14 21 29
9 13 12 14 1
13 6 3 10 2
1 1

5 7 13 15 16 18 22 25
13 22 16 25 7
2 15 13 12 9
1 4

2 5 9 13 17 21 25 31
17 25 21 31 2
8 4 10 5 13
3 0

7 10 13 15 17 18 24 31
15 10 7 17 18
11 4 2 13 10
2 0

3 4 5 6 18 24 28 31
28 3 5 18 24
15 13 9 7 6
0 3

7 10 12 13 19 21 28 30
19 28 13 7 10
5 8 12 4 2
2 2

6 11 13 15 16 21 26 31
13 16 6 15 31
7 10 5 4 6
4 0

3 4 6 7 12 15 21 30
3 15 12 4 21
12 4 9 7 6
1 3

1 4 5 12 17 21 22 23
5 21 17 12 22
1 12 8 6 2
2 1

1 10 12 14 18 20 22 31
10 14 1 22 12
15 6 8 4 2
0 3

2 5 11 13 15 18 22 23
23 2 15 22 13
12 8 2 1 5
0 3

6 10 11 16 18 19 24 27
27 6 11 19 18
10 8 3 5 6
2 1

7 8 11 15 16 19 26 27
19 26 11 27 16
12 15 3 11 1
2 1

2 7 12 14 15 16 17 19
2 12 17 19 14
6 2 4 1 8
1 3

2 5 7 13 16 17 20 22
17 5 7 2 20
11 15 8 9 14
2 1

1 3 5 12 16 26 28 29
5 29 1 16 3
5 15 7 4 2
1 1

3 13 17 18 19 21 22 23
18 17 13 3 23
4 2 8 14 1
2 0

2 5 8 15 18 24 29 31
15 29 24 18 31
9 7 6 14 13
2 3

18 19 20 21 22 24 25 27
20 19 25 24 18
14 10 8 7 4
1 2

14 15 17 19 21 22 23 27
15 19 21 22 17
9 7 13 4 2
0 4

7 15 17 18 19 24 27 30
19 15 7 27 24
2 15 10 8 7
1 1

2 6 8 10 14 15 20 30
2 14 30 8 15
8 7 2 1 15
0 4

5 7 9 13 17 25 26 28
28 26 5 17 25
10 12 9 6 3
3 0

6 16 17 21 26 27 29 31
16 27 17 21 26
5 7 8 1 13
0 2

6 15 19 20 23 24 27 30
6 30 19 15 20
4 12 2 1 9
2 0

6 16 18 22 24 25 28 29
16 22 24 18 29
9 13 15 10 1
3 1

3 8 10 13 17 19 21 23
3 8 13 21 23
4 2 6 12 11
0 4

10 13 16 22 26 27 29 31
26 29 22 10 16
12 8 11 14 9
2 3

4 10 17 18 21 24 29 31
4 21 18 17 10
8 5 12 4 2
2 0

1 7 10 13 14 23 25 28
14 13 23 10 7
9 11 7 2 1
3 1

2 5 9 11 15 20 21 29
9 2 11 21 15
7 3 5 6 14
0 4

3 6 12 13 14 15 26 29
13 12 15 29 26
8 4 1 3 15
3 0

3 6 15 19 22 23 24 25
15 19 22 3 24
8 13 2 1 12
0 2

3 5 11 12 17 20 27 29
3 11 5 20 17
15 2 7 9 10
1 3

1 10 18 19 20 27 28 31
19 18 28 27 20
4 2 12 10 9
2 2

10 15 16 17 19 21 24 30
16 15 30 24 19
4 2 14 10 15
2 1

3 11 13 14 17 23 26 28
11 3 17 26 13
10 3 6 1 12
1 4

5 9 16 22 23 24 26 28
23 22 5 24 28
1 5 3 6 13
2 2

5 8 9 12 13 16 26 31
31 5 16 8 13
12 14 15 8 10
1 1

13 17 20 21 23 25 27 29
29 17 13 21 23
10 5 4 2 1
0 4

2 4 7 10 14 15 16 24
14 7 15 10 16
12 10 5 3 4
0 2

11 14 19 20 22 27 28 30
11 20 28 22 14
3 5 9 8 4
4 0

3 6 10 17 18 28 30 31
18 3 31 30 6
8 13 5 1 2
3 1

3 4 9 19 21 22 26 28
22 19 21 3 9
2 9 7 6 14
0 4

5 7 8 10 13 19 22 25
19 13 25 7 10
1 12 8 2 3
1 2

1 12 14 15 18 25 26 31
31 1 18 25 15
14 11 4 13 1
0 3

1 2 3 7 8 9 24 25
9 24 7 1 3
15 14 6 8 9
1 4

12 14 17 19 21 25 27 30
21 17 14 19 30
14 3 2 1 4
0 3

5 7 8 9 18 21 23 28
8 18 5 9 21
4 5 1 10 2
3 1

11 16 22 23 25 27 30 31
25 22 16 27 31
5 3 2 9 12
3 2

5 7 9 11 15 19 25 26
15 26 11 7 5
15 12 6 3 8
2 1

7 10 20 21 23 25 26 29
25 29 23 7 21
9 11 12 5 6
3 2

2 5 13 21 25 26 28 29
21 13 26 28 5
6 9 5 7 8
2 1

12 19 20 22 23 24 26 27
24 27 12 23 22
12 11 4 2 1
0 3

4 6 8 9 17 21 27 30
8 4 21 9 30
1 2 7 11 13
0 4

2 8 10 15 18 25 27 30
15 10 18 2 30
10 6 14 4 15
1 4

1 3 5 7 10 11 22 27
5 7 3 1 27
7 9 2 1 12
2 2

4 17 19 22 23 26 27 31
4 22 19 17 26
15 4 7 11 2
2 3

3 6 13 14 23 25 26 28
14 25 26 28 23
1 2 8 12 14
2 3

2 3 4 9 11 23 24 31
4 9 2 3 24
15 8 6 3 11
2 2

1 5 11 13 17 21 22 23
1 22 23 11 5
14 7 15 6 3
3 0

5 9 17 18 19 20 28 31
28 9 17 20 18
9 11 5 2 1
0 3

3 5 6 17 19 21 25 31
25 17 19 6 21
6 10 7 13 5
3 1

9 12 13 14 17 18 20 27
12 27 18 9 14
12 13 10 6 2
2 1

3 5 6 9 11 18 21 27
27 3 18 21 9
14 12 11 8 4
0 5

5 16 18 20 22 24 25 30
25 18 16 20 24
11 4 2 1 12
0 3

4 9 11 13 14 22 23 30
23 9 4 14 30
4 2 14 7 5
0 4

4 5 9 10 16 20 24 28
20 28 9 10 4
14 15 4 2 1
2 1

2 3 8 9 11 13 16 28
11 9 8 2 13
7 5 4 2 10
2 3

2 3 4 19 22 26 29 31
19 2 3 26 4
13 12 6 15 14
1 3

4 6 7 10 23 24 28 29
6 10 24 23 4
11 6 10 2 3
1 1

1 4 13 16 19 20 21 22
13 19 16 21 22
6 2 15 11 9
0 5

1 4 10 15 24 28 29 31
24 31 28 15 1
12 3 8 13 7
0 3

1 2 8 16 19 20 23 24
20 2 16 8 1
15 1 3 7 9
0 5

3 11 12 14 16 21 25 28
3 28 16 21 14
8 4 2 1 9
1 1

5 7 16 17 20 21 27 30
17 7 21 30 20
14 7 2 8 15
4 0

3 4 12 15 18 25 28 29
4 15 29 12 28
2 1 8 9 7
0 3

1 2 6 7 10 14 19 22
1 6 14 10 2
3 5 11 14 4
0 4

6 11 12 13 19 20 27 28
19 11 13 6 28
12 13 10 5 15
3 0

3 5 6 7 15 19 24 26
15 7 3 24 6
6 14 4 5 1
2 2

2 5 6 20 22 24 25 28
2 28 24 22 5
4 13 11 9 8
2 1

10 16 22 23 24 29 30 31
29 24 31 16 22
14 7 4 15 1
0 4

1 2 6 11 16 23 28 31
28 6 23 1 11
6 3 8 12 15
1 3

3 5 13 17 18 19 26 28
26 5 18 19 28
9 11 6 3 1
2 1

9 12 14 17 18 20 24 31
18 31 14 20 12
8 4 11 10 14
1 2

3 8 14 17 18 20 30 31
8 17 31 14 20
5 13 2 1 4
0 4

3 4 5 9 16 24 25 27
24 4 5 9 16
4 6 3 13 15
2 0

1 14 16 20 21 23 25 27
21 1 27 25 20
12 6 3 5 10
3 1

5 8 10 12 13 19 23 27
19 12 5 23 10
1 4 2 7 11
2 1

7 9 14 15 17 18 20 23
14 18 23 20 9
4 9 10 5 8
2 0

3 5 8 10 12 17 18 25
18 25 10 8 5
11 14 10 5 12
3 0

1 4 16 17 18 19 26 30
16 17 19 26 4
7 9 10 12 2
3 2

3 5 6 18 24 26 28 30
5 3 28 18 6
10 6 1 2 14
2 1

6 9 12 13 16 23 24 28
24 12 28 23 6
6 1 10 4 11
2 2

1 4 7 14 15 18 20 28
7 15 18 20 28
14 1 8 11 2
1 2

2 3 4 13 15 19 21 29
15 21 29 13 4
9 15 5 13 1
2 2

1 2 5 9 12 17 18 26
9 5 1 2 12
7 2 1 4 15
1 2

1 8 10 13 18 24 26 30
30 10 13 1 8
10 4 13 1 2
3 1

1 2 7 12 13 23 25 26
7 13 23 26 25
3 5 15 11 9
1 2

6 8 13 15 16 17 19 30
8 15 13 19 16
9 1 15 6 3
0 2

1 6 10 14 18 20 23 31
10 14 31 18 6
11 6 5 3 2
0 3

4 12 16 17 23 24 25 29
4 25 23 17 16
4 10 13 2 1
2 2

2 4 6 12 13 15 17 21
15 13 21 4 17
8 12 1 6 11
1 3

1 2 3 10 11 12 27 30
3 11 30 10 1
4 2 1 12 8
0 2

9 10 15 18 19 23 27 31
18 19 9 10 27
14 13 7 3 12
2 1

2 7 10 11 12 25 28 29
29 25 7 2 28
7 6 3 13 9
0 4

9 11 12 13 26 28 29 31
28 26 29 12 31
3 5 11 14 2
0 3

3 5 7 10 13 14 16 19
19 5 14 10 3
15 6 13 4 12
2 3

2 6 8 12 18 28 30 31
8 6 30 2 31
5 13 11 10 4
0 4

1 6 11 16 19 21 22 23
21 19 11 16 1
11 9 2 1 5
2 0

3 6 7 12 15 18 25 26
25 15 18 26 12
8 4 12 13 2
0 4

1 2 4 19 23 25 27 28
27 23 4 1 25
15 8 11 6 5
1 2

2 11 16 20 22 24 25 27
16 22 27 24 2
5 13 10 8 7
0 3

8 11 13 14 21 22 26 28
11 26 14 22 13
1 5 7 11 8
0 5

1 5 11 13 15 24 28 29
11 5 13 24 29
11 4 2 5 13
1 2

2 6 9 10 14 21 23 29
9 2 6 29 21
12 5 2 10 4
2 2

2 4 9 12 18 24 27 30
24 30 2 18 27
12 2 13 6 3
2 0

1 2 3 19 21 23 25 27
23 1 21 25 3
6 8 14 2 11
2 3

6 9 12 13 14 22 25 29
9 25 29 22 13
14 3 12 2 5
2 2

9 13 17 18 19 20 28 29
29 17 9 13 28
14 3 2 1 11
2 2

3 6 7 8 9 12 19 26
12 8 7 9 26
4 2 14 8 3
0 4

4 5 11 14 15 17 20 26
11 14 26 17 15
14 3 5 6 7
1 3

2 3 7 8 11 15 19 23
2 23 19 3 15
11 7 5 3 8
3 1

1 11 13 14 19 23 30 31
23 1 11 31 30
4 2 1 10 11
3 1

3 5 7 12 15 24 28 30
3 28 24 12 15
2 13 7 4 3
1 1

1 8 9 12 14 24 25 27
27 9 25 24 14
5 12 14 15 2
0 4

2 9 14 20 22 23 30 31
20 31 23 30 14
2 1 13 10 9
3 0

6 7 9 11 15 20 22 28
11 15 28 9 22
11 5 2 15 10
2 3

3 14 18 21 22 24 25 27
21 27 25 3 22
1 9 13 15 3
0 4

5 12 13 16 17 20 22 24
22 20 16 5 24
3 9 7 6 15
2 3

1 5 7 13 15 23 25 31
1 5 15 7 31
2 13 8 4 9
3 0

11 18 21 22 25 27 29 30
21 27 29 22 25
12 8 14 9 6
1 3

3 4 5 8 16 27 29 30
5 8 27 16 30
14 2 11 15 7
1 3

7 9 11 16 21 23 25 31
21 9 11 31 16
11 2 1 3 6
2 0

1 2 6 7 10 13 20 21
10 20 2 6 1
2 9 5 4 3
1 3

6 10 12 13 15 22 24 29
6 13 22 15 12
1 6 14 7 3
4 0

2 5 14 19 20 24 26 28
14 28 19 20 5
10 12 8 11 1
1 3

11 12 13 15 17 18 20 24
15 12 13 24 18
5 13 3 12 10
2 1

6 10 13 14 19 22 26 28
14 13 28 10 22
6 9 10 12 13
1 1

1 3 17 18 19 21 22 26
17 21 19 1 22
12 11 9 8 6
1 3

1 6 10 11 12 14 23 27
14 1 6 11 10
14 5 4 2 7
0 2

3 7 13 14 20 22 23 30
14 7 22 13 23
15 11 7 2 1
2 0

8 11 14 15 16 20 23 25
14 15 23 11 8
14 5 2 12 6
3 1

2 3 8 9 10 13 20 30
30 10 13 9 2
15 4 2 10 9
0 3

6 8 9 10 16 28 29 31
6 16 31 29 28
3 1 14 12 11
0 3

1 3 4 5 9 10 13 27
13 5 1 10 27
2 14 7 13 10
4 0

9 10 16 17 20 22 26 31
17 22 31 10 16
14 1 9 13 15
3 1

5 13 16 17 18 19 27 30
17 13 18 27 16
15 9 8 10 2
1 3

1 5 6 7 8 12 21 24
5 8 7 12 1
10 12 4 9 2
3 2

2 3 6 7 10 24 29 31
3 31 10 7 2
4 11 9 1 3
1 2

3 4 6 7 8 19 21 31
3 21 6 19 4
12 4 2 11 6
0 3

1 8 9 11 13 24 27 29
29 1 11 13 27
10 11 2 1 15
3 0

3 5 6 17 18 24 27 29
5 27 3 24 29
3 9 8 6 5
0 3

2 5 13 15 22 24 30 31
24 2 30 22 31
12 7 14 8 1
1 3

1 8 13 20 21 27 28 30
21 8 27 20 30
10 8 15 11 9
2 2

5 8 14 15 22 24 30 31
24 22 30 31 14
13 7 1 9 5
1 4

2 5 13 14 15 19 30 31
31 13 5 19 15
15 9 6 13 8
2 3

8 9 11 13 20 28 29 30
30 13 9 8 11
5 4 10 2 1
0 3

4 7 8 9 11 14 16 28
11 14 16 7 9
7 13 14 2 1
0 4

5 11 14 16 22 25 28 29
11 29 25 22 16
15 6 4 3 14
1 3

4 10 11 19 21 22 25 27
4 11 25 21 19
3 2 14 10 8
0 5

6 9 13 15 16 18 21 22
18 9 6 15 16
3 15 6 10 12
1 3

4 6 8 14 23 24 28 29
14 28 29 4 6
15 7 5 13 8
1 3

5 11 12 13 16 24 29 30
30 13 16 29 11
10 2 7 14 4
3 2

4 5 7 9 17 24 27 29
9 27 17 5 24
3 15 8 4 14
4 0

5 9 11 13 16 19 20 23
16 9 5 13 23
10 4 2 8 7
1 3

1 2 4 6 14 16 20 29
6 14 2 16 4
1 7 10 13 4
3 2

3 8 11 14 17 22 28 31
28 22 17 14 8
14 12 11 8 9
1 1

5 6 8 14 20 21 23 25
8 5 21 23 14
14 4 9 7 6
1 2

5 18 22 23 25 26 29 30
29 23 25 5 22
9 15 4 2 1
0 4

7 10 11 14 18 20 22 24
20 24 10 11 7
4 11 1 7 12
0 4

3 6 10 11 14 17 26 29
3 29 6 10 11
1 5 13 8 10
2 3

4 5 6 9 14 17 19 23
6 17 19 5 4
10 15 9 6 3
2 2

3 8 9 11 12 17 24 29
8 9 29 12 17
13 8 12 10 11
0 4

2 6 10 13 17 21 28 29
6 2 28 17 21
6 1 10 4 2
2 0

7 12 16 19 22 25 26 31
19 26 31 16 22
13 15 3 10 5
0 3

1 2 3 5 16 17 20 30
30 2 3 5 16
1 3 4 10 14
1 4

4 8 9 16 17 20 21 27
21 9 4 16 17
10 12 13 6 3
3 1

2 13 17 20 22 26 27 29
17 26 13 20 2
9 13 8 6 12
1 2

1 10 12 17 18 19 20 25
10 1 25 20 18
8 4 11 12 14
4 0

2 3 4 5 13 21 29 30
3 2 21 4 29
4 2 7 5 14
1 3

5 12 21 22 23 25 27 28
21 22 5 28 27
2 8 15 7 3
3 1

8 10 12 14 15 22 28 31
15 8 10 14 28
2 4 5 11 7
1 4

2 4 6 14 20 22 24 30
2 24 14 6 30
1 12 8 4 5
4 0

8 10 13 15 16 18 19 28
18 13 10 28 8
15 8 4 11 12
3 0

1 3 12 18 20 21 26 27
26 20 18 21 3
10 6 4 3 2
3 2

1 2 5 8 11 18 20 23
23 11 2 5 18
12 14 7 3 5
4 0

3 9 11 12 15 19 27 30
9 30 3 11 19
15 11 2 12 1
3 1

1 7 14 18 21 22 26 27
26 18 22 7 14
4 2 7 10 14
0 3

6 9 11 12 17 20 26 30
17 12 11 9 6
13 11 1 3 4
1 3

4 9 10 11 16 20 27 30
27 10 4 30 9
15 6 3 8 11
2 1

2 5 8 12 16 18 27 29
18 12 29 8 5
2 1 3 15 13
0 3

1 2 5 17 20 25 29 31
1 5 31 2 25
6 2 11 9 8
2 1

2 11 15 17 20 21 25 30
11 30 2 21 25
15 11 1 8 4
2 0

6 7 8 9 18 25 26 28
26 25 8 6 18
6 1 14 5 11
2 3

1 2 3 11 18 19 25 29
18 11 25 29 19
10 5 1 15 3
3 1

6 9 11 15 21 22 25 26
15 26 9 6 11
11 7 5 14 15
0 4

8 9 11 13 15 17 24 27
15 27 17 13 8
2 1 13 15 7
0 3

5 9 11 12 13 15 28 31
31 15 13 5 9
9 5 3 4 13
2 3

7 14 18 21 22 23 25 29
7 22 21 25 14
10 9 4 12 13
1 2

3 8 10 11 15 19 21 25
15 10 8 11 3
12 1 11 4 2
2 0

3 5 10 11 17 18 22 30
10 18 22 3 5
12 14 15 10 2
2 1

10 16 19 20 21 26 30 31
19 31 20 10 16
15 6 3 8 9
0 2

2 3 6 13 14 16 23 25
23 16 2 6 25
15 10 8 1 12
3 1

4 13 16 18 20 22 23 29
20 4 29 23 22
15 13 12 8 14
2 3

2 4 8 13 16 21 25 30
16 30 13 21 4
6 3 13 11 10
2 0

4 15 16 17 18 20 25 28
17 28 25 18 20
3 12 15 10 5
1 2

6 7 8 14 22 27 29 30
27 6 7 8 29
10 2 7 4 8
1 3

3 5 9 11 13 16 17 30
5 11 13 16 3
14 9 2 1 7
0 2

7 10 12 13 14 20 27 30
10 14 27 12 30
10 11 2 1 4
0 4

1 3 13 20 22 23 25 28
1 13 28 23 25
14 10 6 15 4
2 2

6 10 12 14 19 23 30 31
23 19 12 10 30
11 8 2 1 4
2 1

10 16 18 19 20 23 30 31
16 18 23 31 30
2 1 6 9 7
3 1

1 7 12 14 16 17 18 25
12 16 18 14 17
5 3 2 10 13
0 4

2 10 11 14 15 17 25 27
14 11 10 27 15
4 2 11 6 5
2 1

4 8 11 15 18 25 26 28
25 18 28 11 4
13 12 8 4 10
0 4

10 11 13 14 15 17 18 19
17 19 14 15 10
13 14 10 4 2
0 3

3 5 6 11 19 21 24 31
24 3 5 21 6
3 8 7 10 1
1 1

3 9 13 14 22 27 30 31
30 3 9 22 13
4 11 10 14 15
1 3

1 2 4 7 11 13 28 30
1 13 30 7 4
11 4 6 8 9
0 5

3 5 9 10 16 17 23 24
17 16 3 23 5
4 8 15 13 1
3 1

4 5 8 12 25 26 29 30
5 4 8 12 25
8 15 2 4 13
3 1

5 10 13 17 18 24 25 29
24 25 13 17 5
9 13 3 8 4
4 0

5 8 10 13 16 18 26 30
8 5 30 13 16
6 14 9 2 1
2 0

8 15 16 20 24 25 26 29
20 8 24 26 29
4 11 9 8 13
1 4

3 8 9 11 13 22 25 31
11 25 9 22 8
11 13 14 3 4
0 4

9 14 20 23 25 27 29 31
20 31 9 29 23
8 5 4 3 6
2 1

3 5 9 10 13 18 29 30
13 18 10 30 9
1 2 6 12 13
1 4

1 3 6 12 17 20 24 26
17 12 6 24 3
5 12 2 9 8
1 3

1 3 5 7 9 10 25 31
10 9 3 1 7
13 6 3 14 15
1 1

3 8 9 11 12 13 26 29
12 11 9 3 29
10 5 1 11 15
2 0

1 9 12 18 20 24 27 30
1 24 20 27 12
12 8 6 1 14
1 4

4 9 12 16 18 20 27 31
4 16 12 31 18
10 6 3 2 13
1 4

3 6 11 13 15 16 22 27
27 22 6 13 15
6 7 12 4 2
3 0

2 3 5 14 17 21 23 25
2 17 5 3 23
9 10 2 4 5
0 5

3 4 7 8 13 22 23 25
23 3 22 4 25
5 12 6 9 14
2 3

5 6 7 10 11 15 17 31
15 31 11 17 5
2 10 14 5 12
2 1

5 6 9 14 20 21 23 29
9 29 21 20 14
11 3 5 6 2
0 3

6 13 15 21 24 25 26 28
26 15 6 28 25
4 2 14 15 10
0 4

2 6 7 8 16 20 26 29
8 2 16 6 7
13 12 14 4 2
0 3

4 5 12 15 17 21 25 27
21 25 15 4 12
8 3 5 6 7
0 4

7 14 15 18 21 27 28 30
15 28 27 21 18
5 9 11 2 4
2 2

1 6 9 11 16 21 22 26
1 21 11 26 6
13 10 5 14 11
0 3

4 8 10 12 16 18 19 31
10 4 31 19 12
4 2 13 6 10
3 0

4 5 16 17 18 23 28 30
16 5 4 28 30
3 13 1 12 8
1 4

4 6 7 8 16 18 20 26
18 7 20 16 26
5 8 9 6 3
3 0

7 8 9 11 13 17 26 31
11 17 7 9 13
15 9 4 2 10
2 2

1 3 5 7 14 15 24 29
15 1 24 14 7
8 4 3 7 1
4 0

2 8 11 13 15 23 27 30
2 27 23 13 15
5 10 11 4 2
3 0

2 8 15 17 21 25 26 30
17 26 15 21 2
6 3 8 7 14
2 0

4 8 11 13 14 21 28 30
11 8 13 21 14
2 1 8 10 11
1 2

6 11 12 13 14 16 20 22
12 16 11 14 6
12 10 1 5 7
0 2

1 2 5 12 19 23 25 27
12 19 25 27 2
10 7 5 12 8
1 2

6 12 16 17 19 21 22 27
17 12 16 22 21
1 12 6 4 3
2 1

5 13 16 18 24 28 30 31
31 28 16 5 30
11 5 2 12 3
0 4

3 11 14 20 22 27 28 30
11 20 28 22 14
3 6 13 10 5
4 0

3 5 7 16 21 22 30 31
31 7 5 3 16
7 14 8 4 12
3 1

1 4 9 11 13 17 19 22
13 4 17 1 22
1 13 7 2 4
2 2

14 15 17 19 21 22 24 25
14 17 24 15 19
1 12 10 9 5
0 2

15 16 18 20 22 24 26 27
16 26 22 20 24
8 9 2 1 13
0 3

4 10 12 13 21 23 25 27
23 21 12 27 25
1 14 15 13 12
1 4

1 3 6 9 11 13 16 30
3 11 9 6 30
6 3 2 8 11
1 1

1 6 13 19 20 22 24 25
19 24 1 13 20
15 7 8 4 2
2 0

3 4 18 19 20 22 24 25
19 25 20 18 4
12 2 10 5 15
1 1

2 3 10 11 12 16 19 27
19 12 10 27 11
12 11 7 6 3
0 4

4 6 12 17 20 22 28 29
4 6 12 28 20
9 5 1 11 6
2 1

1 3 4 7 9 13 15 21
4 13 9 15 7
2 9 10 5 11
2 0

3 5 6 8 9 17 21 30
3 6 8 9 30
6 4 8 1 11
2 0

2 3 4 9 11 15 16 31
2 9 3 4 31
11 4 2 3 12
0 4

6 7 9 12 16 18 22 24
18 12 9 16 22
14 3 8 6 5
0 5

2 4 9 14 15 17 21 29
2 14 15 21 9
10 1 8 5 2
3 0

2 7 12 19 23 25 29 31
29 7 2 12 25
1 8 4 13 10
3 1

4 6 8 12 13 18 20 26
13 6 26 4 8
11 6 9 12 4
1 1

2 13 14 19 21 23 24 31
24 19 21 31 23
10 13 14 2 15
1 4

1 2 4 6 14 23 24 26
2 24 4 26 23
8 10 11 1 4
0 5

5 10 11 16 18 23 29 30
18 10 23 16 29
5 4 14 7 12
4 0

2 3 4 20 22 23 24 31
20 2 22 24 3
8 6 10 4 9
2 3

3 5 11 15 16 23 26 28
5 11 15 23 28
7 9 10 13 14
2 2

2 7 10 13 20 21 25 27
10 21 7 2 13
15 14 2 11 5
1 1

3 14 15 16 19 21 23 27
27 3 23 15 14
7 3 11 2 1
1 1

5 11 12 16 17 24 28 29
29 16 5 24 12
3 15 14 10 8
0 4

2 3 14 16 18 19 21 27
21 19 18 16 14
2 4 5 9 11
1 3

4 16 19 20 23 25 28 31
19 25 28 16 23
6 2 10 4 5
2 2

3 8 13 15 17 21 29 31
15 13 8 3 21
9 5 2 1 10
1 3

7 9 12 15 18 20 28 29
15 18 9 20 28
11 15 7 5 12
3 2

1 5 10 16 24 25 29 30
5 1 24 16 25
2 15 10 3 12
2 1

4 13 16 18 20 23 26 31
13 4 18 16 23
14 9 4 2 7
2 0

1 2 8 11 23 24 27 29
24 11 8 29 23
7 9 2 6 3
3 1

1 6 7 16 21 22 25 26
16 6 26 1 25
13 8 5 1 3
2 1

9 16 17 18 23 24 25 28
28 25 23 18 16
5 12 10 1 14
1 3

3 5 7 9 13 20 23 31
3 20 23 9 5
9 2 14 6 3
2 1

6 11 15 17 18 21 27 31
27 17 21 6 15
5 12 10 9 14
1 4

5 7 8 10 16 17 19 31
19 31 7 10 16
4 2 6 8 11
2 3

6 11 13 15 17 22 24 29
17 6 11 22 13
13 6 2 8 3
1 2

1 11 13 15 20 21 28 31
11 13 15 31 28
2 1 10 3 4
0 4

4 10 13 14 21 23 25 31
31 10 23 14 13
12 1 4 3 5
2 2

8 9 11 14 17 18 19 28
11 28 14 8 17
15 2 1 10 8
0 3

6 8 11 13 17 26 28 29
6 11 17 29 28
6 8 9 1 10
2 3

1 2 12 13 15 16 24 30
30 16 24 12 2
2 5 7 8 11
1 4

2 6 7 12 17 19 22 31
22 19 31 7 2
7 4 3 2 1
2 1

1 3 6 7 14 15 19 27
14 6 19 27 7
8 7 6 10 12
3 1

2 5 8 12 16 20 22 26
20 16 8 26 2
13 9 7 5 14
1 2

3 12 18 21 23 24 26 30
23 21 18 26 30
3 12 6 5 4
3 0

7 9 13 17 21 25 29 31
9 17 21 31 29
1 2 3 5 6
1 1

4 8 11 12 13 15 18 22
15 13 22 8 12
4 2 1 15 8
1 2

3 9 11 15 23 27 28 29
15 9 28 3 11
11 2 8 6 1
1 2

2 4 7 12 19 23 29 31
12 19 23 29 2
3 15 5 13 4
2 2

9 15 17 18 19 21 29 30
21 18 29 19 9
15 14 3 9 12
0 4

5 6 7 8 10 11 24 29
29 5 8 6 24
15 6 3 7 12
2 1

4 6 8 20 23 26 28 29
8 28 6 4 29
12 2 1 7 9
0 4

3 4 7 15 17 21 23 27
21 17 23 3 4
11 7 5 15 1
1 2

2 11 14 16 18 19 24 31
19 16 14 18 24
4 2 5 11 13
0 4

2 5 21 24 26 27 28 31
26 24 5 28 27
9 7 3 11 8
2 3

6 11 15 21 24 25 26 27
21 15 6 26 25
15 6 3 4 2
3 0

2 8 15 16 18 23 24 30
15 8 16 2 18
2 3 5 6 9
0 4

9 11 13 17 19 21 28 31
31 11 19 13 17
5 13 15 2 1
1 1

3 7 10 13 15 16 30 31
3 16 15 13 7
13 12 10 9 2
2 2

7 10 14 16 18 19 21 27
27 16 19 14 18
11 14 8 2 1
3 0

1 11 19 20 22 23 28 30
28 23 20 11 1
15 3 11 8 10
3 1

1 6 9 11 14 15 23 31
9 11 31 6 1
12 14 15 2 1
2 1

5 6 11 12 21 22 26 28
28 6 12 11 22
10 4 8 2 7
3 2

2 3 8 13 16 17 25 28
16 8 2 13 3
8 3 12 5 6
2 3

3 4 7 10 13 17 21 28
21 28 17 13 3
2 5 8 4 1
3 1

3 4 5 7 15 18 22 25
22 7 3 15 5
11 7 13 4 2
1 3

9 11 13 15 16 19 21 31
21 11 16 15 13
3 12 11 9 8
1 4

7 9 12 15 21 23 26 29
7 23 9 26 15
6 5 3 2 1
0 3

3 7 11 12 23 24 27 29
11 27 7 23 3
13 4 2 7 5
0 4

4 6 7 14 19 21 22 31
21 14 6 31 7
11 14 7 2 3
4 0

4 8 9 13 16 23 28 30
9 16 28 23 8
9 4 2 15 12
2 0

11 16 20 21 23 29 30 31
11 16 21 30 29
9 11 12 14 6
3 1

4 5 6 10 14 16 21 28
21 6 4 5 16
9 8 2 1 14
1 3

5 10 18 21 22 23 24 26
26 18 5 22 10
2 11 10 6 4
0 4

1 2 3 14 20 21 23 30
21 23 3 14 1
8 6 5 2 10
1 1

2 4 6 12 15 26 28 31
15 26 4 6 12
15 12 2 1 6
2 0

2 3 5 7 10 18 19 23
18 3 10 2 7
14 2 6 3 9
2 1

10 14 20 22 23 25 26 30
10 25 26 14 23
10 6 4 12 1
0 4

1 3 6 7 8 14 18 28
7 14 28 3 6
10 6 4 12 1
1 3

1 5 12 13 21 25 26 27
26 13 21 12 25
7 4 2 11 6
3 0

7 9 10 13 14 28 29 31
29 14 31 9 28
9 8 14 12 11
0 5

2 6 8 19 20 21 27 29
6 8 21 19 20
2 15 11 10 5
0 2

7 15 17 19 21 24 25 26
7 21 19 26 15
4 12 1 14 2
1 2

8 9 11 16 18 19 24 31
31 16 8 19 18
4 15 13 9 7
1 4

2 6 8 11 14 26 27 28
14 27 6 28 8
11 5 3 4 15
1 3

7 10 12 13 14 17 22 29
13 10 14 29 22
3 15 2 1 13
0 3

2 5 8 9 10 12 14 29
10 5 9 14 8
6 4 2 12 14
0 3

9 14 16 20 22 24 28 30
30 28 22 24 9
2 14 10 5 12
2 1

11 13 17 22 23 24 28 30
30 22 23 17 11
12 2 14 8 4
3 1

7 11 12 22 25 28 29 31
31 11 29 28 25
8 11 13 14 3
0 5

4 13 15 16 17 21 27 29
16 17 29 4 15
2 1 5 13 14
1 2

3 5 10 16 17 19 22 29
29 10 17 16 3
2 1 5 9 8
0 4

4 7 8 9 12 13 20 31
20 31 9 4 12
5 13 4 11 1
3 0

3 8 10 12 15 16 18 28
3 15 16 12 10
14 4 8 1 15
1 3

6 7 8 12 20 28 29 31
29 31 8 12 7
6 8 9 2 4
2 1

2 15 16 19 20 21 23 24
21 15 20 24 23
14 2 12 11 3
3 0

9 15 19 21 22 27 29 31
15 29 27 22 9
14 15 9 13 3
2 2

5 12 18 20 21 23 25 27
23 5 18 21 12
10 4 2 1 11
0 4

6 7 9 12 19 20 29 30
9 6 30 20 7
2 1 3 15 9
2 0

6 9 12 15 16 18 19 31
19 9 31 12 6
2 1 6 5 8
0 4

5 8 9 14 19 20 26 29
5 20 14 8 29
7 9 4 13 1
2 0

1 5 8 11 18 20 22 25
22 8 1 5 20
9 2 6 5 15
1 2

1 2 9 13 23 24 29 31
24 9 29 31 13
14 15 4 9 1
2 3

1 4 8 15 16 26 29 31
29 8 15 4 1
12 14 15 11 9
3 2

1 5 7 11 12 13 16 21
1 12 13 16 11
6 3 7 1 10
0 3

1 6 8 17 21 22 23 25
8 21 23 6 22
13 4 11 3 8
2 1

5 7 9 11 13 19 27 28
27 11 7 5 19
12 5 7 8 9
2 3

2 12 14 23 25 26 27 29
12 26 27 25 14
14 11 9 5 2
1 3

7 14 16 17 26 27 29 30
27 29 14 16 17
15 13 12 2 8
2 2

1 3 6 12 18 22 25 31
18 25 3 22 31
11 13 14 9 1
0 3

6 9 10 11 19 20 24 31
10 11 6 20 24
2 1 6 11 8
2 0

1 10 13 15 17 19 21 23
19 15 17 23 10
7 2 1 6 9
2 1

3 8 19 21 25 26 29 31
19 31 21 8 29
2 1 6 10 7
1 4

3 4 6 7 8 17 18 24
6 7 24 8 17
6 3 11 8 15
0 4

6 10 11 13 15 22 23 27
6 27 13 11 23
8 14 2 1 5
2 1

5 17 20 22 24 25 27 29
24 20 5 27 29
10 13 4 8 12
1 2

5 9 14 19 20 27 28 29
19 29 14 9 20
8 12 14 11 13
3 2

6 13 18 20 23 26 28 29
29 18 28 6 13
13 5 7 8 3
2 3

1 7 9 14 15 25 26 30
15 9 26 25 7
10 4 14 3 15
0 2

3 4 11 12 20 21 24 28
3 21 12 4 20
5 14 2 1 15
1 2

4 7 12 15 18 19 20 31
31 19 7 20 4
2 13 3 8 4
0 2

2 4 8 17 18 20 22 24
22 18 4 24 20
3 11 7 5 2
2 3

3 5 7 10 13 14 17 19
17 13 7 14 10
12 14 3 2 1
0 4

1 9 13 15 18 20 23 27
9 1 15 23 27
9 4 13 11 10
0 5

6 11 20 22 25 27 28 31
31 11 27 25 28
15 7 9 10 3
0 4

8 11 16 19 21 24 26 30
11 24 26 16 30
7 8 2 1 4
0 4

6 7 10 12 20 21 27 28
21 12 10 27 28
13 6 10 11 5
1 4

10 11 13 17 18 20 21 31
18 17 21 13 20
9 10 5 13 6
3 1

1 8 9 10 12 13 16 30
1 8 13 16 10
12 9 7 5 1
1 2

2 6 17 21 23 25 26 27
6 23 25 27 21
1 5 3 2 14
0 4

1 3 8 12 13 14 20 22
12 20 14 8 1
2 1 6 3 14
2 1

4 7 11 12 14 23 24 26
4 24 14 26 23
13 15 8 14 2
3 0

1 5 6 7 9 10 23 30
10 23 5 1 30
6 13 8 4 2
4 0

3 5 6 7 8 9 10 28
28 7 5 6 9
2 1 4 14 6
0 3

3 4 5 7 9 16 17 18
17 3 18 7 5
7 15 11 2 1
3 0

10 11 12 15 17 26 28 29
12 15 29 28 10
7 15 11 9 3
1 1

1 11 13 14 15 18 27 28
27 14 15 1 18
14 2 1 12 7
2 1

1 8 10 11 25 27 28 30
30 8 10 11 27
11 4 6 7 12
0 5

9 11 15 16 18 20 21 26
26 20 16 21 15
15 2 10 5 14
2 0

3 6 9 12 22 25 28 29
12 29 3 6 28
12 1 5 7 13
2 3

8 9 12 13 16 22 23 25
9 22 8 25 13
7 15 13 12 3
1 3

4 6 7 8 12 23 27 29
23 7 27 6 8
4 2 6 5 10
0 4

8 10 13 14 15 17 21 31
17 31 14 15 10
8 4 10 2 1
0 3

1 2 4 9 10 16 20 25
2 10 1 16 4
13 10 9 5 3
2 3

8 11 19 21 23 24 25 27
24 11 25 27 8
6 10 15 13 12
1 3

2 5 9 10 14 18 23 30
10 30 2 5 9
15 8 10 4 1
1 3

9 10 11 13 16 17 29 30
13 29 9 11 10
15 12 1 3 4
1 3

5 7 13 14 21 27 28 30
27 21 5 28 7
14 12 11 13 4
3 1

5 8 10 12 21 23 26 30
23 21 12 26 30
5 11 12 7 10
1 4

2 11 14 17 19 22 23 29
11 2 14 22 17
12 6 3 13 11
0 3

3 4 9 11 13 14 15 28
11 4 28 14 9
13 10 4 12 5
1 3

3 6 8 14 20 23 29 31
6 3 23 29 14
1 15 5 9 11
2 1

9 19 22 23 24 26 28 29
9 24 23 19 26
6 2 1 8 12
0 2

3 13 18 20 27 28 29 30
30 3 27 18 29
6 8 9 4 1
2 3

2 8 9 10 14 15 26 30
9 8 10 14 2
1 13 8 12 6
3 0

7 9 13 14 15 19 23 29
7 13 23 19 29
8 1 3 4 5
1 3

2 10 11 19 21 23 26 31
23 26 2 10 31
13 1 7 10 6
3 2

5 9 10 12 13 17 20 30
20 12 9 17 5
2 8 9 3 1
3 0

3 4 14 16 20 21 27 30
21 16 3 20 4
8 3 2 4 15
3 0

4 7 10 16 17 18 23 26
4 23 26 7 10
15 13 8 4 10
0 4

4 9 12 13 14 18 26 31
9 26 18 31 4
3 11 13 14 15
1 3

5 9 11 13 18 19 27 29
29 19 11 5 13
12 14 7 4 3
4 0

3 8 9 15 16 21 24 28
15 28 21 8 3
8 10 6 4 1
0 4

1 5 8 12 19 22 25 27
1 19 27 8 5
1 11 8 3 12
1 4

2 6 9 13 17 19 27 28
13 17 2 27 6
4 2 7 5 10
2 0

1 4 7 12 13 20 23 28
28 13 4 1 7
4 2 1 12 3
0 4

6 10 12 14 21 22 27 29
27 14 21 10 6
3 15 2 1 14
0 4

4 6 8 14 15 23 27 28
23 28 6 14 8
13 11 1 3 5
2 2

5 6 18 20 21 27 28 29
21 5 29 18 28
13 9 7 6 10
3 2

2 8 12 15 17 18 24 26
17 2 15 18 8
8 15 14 2 1
1 1

3 8 9 13 15 16 20 29
13 9 15 29 8
5 8 2 10 14
3 2

7 9 12 14 23 24 25 26
12 26 23 14 24
8 5 3 1 7
1 3

3 5 6 8 9 13 24 27
3 27 9 8 6
13 6 5 2 1
0 4

3 12 13 15 18 20 29 31
3 29 20 15 12
7 8 4 9 1
0 4

2 3 8 11 13 17 19 20
19 2 8 3 20
7 4 2 14 10
0 3

3 6 8 9 10 18 20 22
18 9 8 10 3
15 14 2 1 4
2 0

1 7 11 16 19 23 25 26
1 25 7 23 11
6 4 1 12 2
1 2

2 6 10 14 18 20 22 24
6 10 20 2 24
2 6 8 9 13
0 3

2 7 8 11 18 23 27 29
7 11 23 18 2
13 11 5 2 12
1 1

2 3 4 7 8 16 25 26
25 4 2 7 8
13 4 7 1 15
2 0

4 6 11 12 13 15 17 23
23 13 6 12 11
9 15 6 3 11
0 3

2 3 4 7 10 12 21 28
10 12 7 4 21
9 5 6 3 7
3 1

1 4 9 10 13 17 18 23
10 9 17 23 18
8 11 4 9 10
2 2

3 7 11 16 21 22 23 29
3 7 16 11 29
12 3 2 1 10
1 1

1 3 4 21 24 28 30 31
31 3 1 30 4
2 1 10 8 7
0 2

1 2 5 6 10 22 26 27
27 1 6 2 22
6 5 10 2 11
2 2

1 5 12 15 22 28 30 31
31 12 5 30 1
12 4 11 1 5
3 1

6 8 12 14 20 23 24 28
23 20 6 8 28
14 8 12 2 1
2 1

3 6 9 18 20 27 28 30
20 28 6 3 9
8 6 3 10 13
1 3

6 7 8 11 16 17 22 29
8 29 16 11 7
7 4 2 1 11
0 3

1 9 11 12 17 22 25 27
12 17 22 9 1
8 5 6 4 10
1 1

1 3 7 8 11 12 20 25
20 3 8 11 7
6 14 2 7 1
2 3

3 7 9 10 12 16 24 25
12 10 24 3 7
3 14 9 10 7
2 2

3 10 14 17 19 22 24 28
19 24 22 28 17
4 13 10 6 7
2 0

1 9 10 11 21 24 26 27
11 26 24 10 1
2 14 12 11 1
1 2

1 2 13 18 21 24 27 29
21 18 27 24 2
8 4 6 11 1
2 1

2 4 5 8 12 19 24 26
12 2 4 5 8
13 2 6 8 9
1 3

9 10 17 23 25 28 30 31
10 28 17 31 23
11 14 7 8 4
2 2

1 4 7 8 21 23 27 29
23 4 8 7 1
8 15 2 1 7
1 4

2 5 10 13 15 20 26 30
13 2 15 10 5
5 3 11 2 1
1 1

1 2 4 6 7 9 12 18
4 2 1 18 7
1 7 10 12 14
0 5

1 7 8 10 11 16 20 27
11 27 20 16 7
4 15 1 5 6
3 0

3 6 11 13 14 24 26 30
26 14 3 30 13
8 1 5 14 15
1 3

11 13 15 16 17 19 25 31
19 25 31 16 17
3 14 7 2 1
2 2

2 3 4 18 21 22 26 30
30 2 22 18 3
3 15 14 7 5
1 1

2 9 15 16 21 23 24 30
23 30 2 9 15
3 5 4 2 1
0 3

5 7 8 14 16 24 26 28
26 16 8 5 14
14 5 7 8 9
0 5

1 2 5 8 10 19 21 31
19 21 5 10 2
2 1 12 3 7
1 3

1 2 10 12 17 18 25 27
25 27 2 17 12
5 6 4 2 1
3 2

5 7 11 14 17 21 27 30
14 7 17 27 21
6 3 9 1 13
3 1

5 7 8 9 12 24 26 27
7 5 27 8 12
2 1 5 10 8
2 0

1 3 8 11 13 14 16 27
11 27 14 16 8
3 14 10 8 7
3 1

2 3 6 7 8 15 16 22
3 7 16 2 6
2 1 5 3 7
1 1

8 9 11 18 19 20 27 31
11 9 20 19 8
15 6 11 4 1
2 3

8 9 12 13 15 16 20 26
16 26 12 9 20
14 4 10 5 6
2 1

1 5 12 16 21 23 24 26
12 16 23 21 1
13 1 2 4 5
1 1

5 8 14 17 18 19 24 31
8 5 31 14 24
14 12 8 6 13
2 3

3 4 8 9 10 22 25 31
3 10 31 4 9
13 10 11 9 1
2 1

2 3 4 8 9 17 28 30
30 2 17 28 8
7 15 3 5 11
2 2

3 12 13 16 17 19 23 25
19 23 13 3 12
13 11 10 5 4
0 2

3 8 9 10 12 22 25 31
9 25 3 22 12
7 14 8 3 12
1 3

2 7 11 14 15 20 26 31
2 20 11 7 31
11 15 4 2 6
1 2

7 9 12 15 17 19 26 30
7 30 15 12 19
3 12 9 15 10
2 1

4 5 7 8 14 22 24 28
7 14 8 28 24
1 15 2 12 4
1 2

5 12 13 19 21 25 27 31
12 21 25 13 19
5 3 7 9 14
2 2

6 10 13 14 19 21 22 28
22 19 21 13 28
8 4 3 1 14
3 1

3 14 15 16 17 20 21 30
3 17 14 15 16
9 4 2 6 3
2 0

4 7 12 14 16 17 28 31
16 14 12 17 4
10 11 13 14 6
0 5

1 5 12 14 18 24 26 28
1 26 5 24 14
13 7 3 5 9
3 1

2 8 9 14 17 21 27 30
14 27 9 30 8
15 13 12 6 3
0 3

6 7 8 14 18 19 21 26
19 26 6 14 18
7 6 4 8 10
2 2

5 6 7 9 13 20 27 29
9 5 20 13 6
6 3 2 14 13
2 1

7 11 14 15 21 24 26 31
15 31 24 7 11
9 15 14 10 2
2 1

4 6 7 10 14 16 24 26
4 7 24 6 10
9 10 7 3 1
0 5

6 9 16 17 24 25 27 31
17 25 6 9 31
7 5 12 9 14
2 3

4 7 8 11 14 20 21 29
8 20 4 14 21
15 6 7 12 1
1 4

2 4 5 17 18 25 26 31
4 5 17 2 26
15 13 9 2 6
0 4

1 5 6 11 15 16 22 31
5 11 16 31 1
8 11 1 5 7
2 3

2 5 8 9 10 11 16 23
5 11 9 8 2
15 2 4 5 6
0 3

2 9 10 17 21 22 24 31
31 21 2 22 17
10 14 3 12 15
2 3

7 11 13 14 15 18 26 30
14 13 11 15 7
6 15 10 13 9
1 4

11 17 18 21 25 27 28 31
17 25 11 27 18
6 2 8 12 14
0 4

1 4 12 15 16 17 19 25
1 16 15 4 19
8 4 11 12 2
0 2

1 7 9 22 24 26 29 30
26 22 24 7 29
1 10 5 12 11
0 3

12 18 19 23 24 27 28 31
31 24 27 12 28
12 1 4 9 2
0 3

6 8 14 16 19 22 23 25
19 22 8 25 14
8 3 7 11 10
3 2

1 5 6 7 10 11 25 28
28 25 6 7 10
10 7 4 2 9
2 1

3 6 9 14 16 18 24 26
9 18 24 6 3
15 5 4 2 9
1 3

2 9 10 13 14 15 16 25
9 13 2 10 15
3 2 4 1 10
0 3

1 3 5 7 9 19 24 29
7 9 3 1 5
7 2 1 11 3
0 4

8 9 17 19 20 22 27 28
20 19 17 9 27
14 1 3 4 9
2 2

3 6 19 21 22 26 27 29
26 19 29 6 21
11 13 14 5 7
1 2

1 8 10 12 13 17 21 29
1 21 29 8 10
6 11 13 14 7
2 2

6 9 14 17 18 20 24 30
20 6 18 14 17
7 8 10 11 14
0 4

9 13 18 20 21 23 24 27
23 24 20 18 9
4 9 1 10 5
4 0

1 2 3 4 11 21 22 26
2 3 21 26 4
2 1 10 14 3
0 4

2 5 7 8 10 11 12 21
2 10 21 7 8
15 4 9 7 6
1 4

4 6 9 11 12 21 23 31
31 23 11 9 12
5 8 13 4 2
2 1

7 9 11 13 15 16 24 30
16 24 7 11 9
12 10 9 4 2
2 0

3 5 10 11 14 19 22 25
11 5 10 3 14
7 4 15 11 6
1 4

6 11 13 15 19 22 25 31
31 25 22 6 11
11 12 6 2 4
1 1

1 4 9 10 17 21 28 30
28 17 4 10 30
10 4 14 6 1
1 3

2 3 7 14 18 20 22 28
18 14 28 7 3
12 6 8 1 5
3 0

2 3 11 15 16 17 19 29
16 15 11 19 17
9 12 6 3 10
3 0

12 14 15 16 17 23 24 28
16 12 23 14 17
11 14 6 3 15
0 4

1 3 6 23 24 25 26 27
27 3 23 24 6
4 8 10 11 1
3 1

14 15 16 21 25 27 28 30
27 21 15 28 25
2 1 5 7 8
0 2

4 8 9 14 15 17 19 24
17 15 4 19 14
5 4 8 6 1
3 1

2 11 13 15 21 26 29 30
15 13 11 21 2
11 2 1 6 3
1 2

7 8 14 17 20 22 26 27
26 20 22 17 8
15 4 2 13 3
1 2

3 15 16 18 20 23 27 29
3 16 29 27 18
3 12 8 6 11
2 2

1 8 11 15 22 24 28 30
8 1 15 30 24
2 1 5 9 11
2 2

1 3 15 21 26 27 29 30
30 15 29 27 21
2 5 9 7 6
1 3

1 2 8 10 16 19 20 22
1 10 16 22 20
10 8 15 9 6
2 2

4 6 8 9 13 14 20 21
6 8 21 4 13
2 1 4 6 12
1 3

3 6 7 13 20 22 26 27
6 20 3 22 13
14 3 5 7 8
0 3

3 7 14 17 21 22 23 29
17 29 22 14 7
12 13 6 8 4
3 0

4 6 13 14 22 23 26 27
26 4 6 14 27
5 14 9 15 10
0 5

1 4 5 7 9 10 18 19
5 7 18 10 19
8 15 3 4 2
2 0

5 6 7 12 19 22 28 31
12 5 7 31 6
12 7 14 4 2
0 4

1 12 13 14 17 20 22 25
1 20 22 13 14
3 7 8 2 1
2 0

10 12 15 16 20 21 25 27
12 10 20 16 15
14 7 5 4 12
2 3

2 6 13 17 20 21 22 31
17 22 13 31 21
11 5 3 10 14
3 1

3 11 15 17 20 23 27 29
17 3 29 27 15
9 10 6 4 8
3 1

2 5 11 12 25 26 30 31
12 2 30 11 5
12 4 6 7 15
2 3

2 6 21 22 23 24 25 26
22 21 25 26 24
8 4 13 10 15
4 0

1 8 12 13 14 18 23 24
12 13 8 1 23
2 1 11 14 12
1 1

4 9 10 11 12 13 16 31
10 16 4 11 12
13 9 4 2 7
0 3

11 12 16 20 22 24 25 26
22 11 16 20 24
11 6 13 7 2
1 4

1 2 4 7 11 13 22 28
28 7 13 2 4
2 6 3 10 14
2 0

1 3 4 7 12 21 26 30
21 4 3 7 1
6 8 9 12 11
1 4

2 4 6 8 23 27 29 30
8 30 23 27 6
1 11 15 8 9
2 2

1 2 10 12 19 22 26 30
30 12 2 26 19
7 12 6 10 3
4 0

1 5 8 9 13 23 27 29
23 1 8 9 5
9 8 4 11 1
2 2

1 7 11 13 18 23 24 28
11 23 7 28 13
12 5 1 9 3
1 3

1 3 5 10 15 16 24 27
24 27 1 10 15
10 15 5 4 2
1 2

1 3 5 7 8 9 12 29
29 8 7 1 5
3 8 4 2 14
2 0

10 18 20 21 24 25 28 30
20 10 30 21 25
5 2 9 14 10
2 3

8 10 12 15 17 23 25 28
23 12 28 17 15
9 2 6 3 14
2 2

3 4 12 18 22 24 25 29
25 22 12 29 4
10 11 4 5 1
2 1

1 11 14 16 17 25 27 29
11 25 29 14 17
3 4 2 1 12
0 4

1 3 14 16 18 21 30 31
16 14 31 3 30
4 1 6 2 3
1 3

5 6 8 11 12 14 28 30
30 8 5 11 14
8 9 12 11 13
0 5

3 4 18 19 21 22 23 29
4 21 22 29 19
7 15 14 8 5
2 3

1 2 3 4 7 13 25 31
3 7 31 1 4
3 5 6 8 12
0 3

1 7 11 13 17 20 24 29
13 11 7 24 29
4 13 7 15 9
2 3

2 10 13 20 22 25 26 30
22 26 13 25 2
6 4 3 9 15
2 1

5 13 16 20 21 24 27 30
21 20 30 24 13
7 1 8 12 14
0 5

4 5 6 7 9 16 28 29
16 7 5 9 6
7 13 6 4 2
0 4

9 13 15 16 20 23 27 29
9 13 27 29 16
1 14 12 11 10
1 3

5 14 18 19 20 27 29 31
31 29 5 19 20
11 2 12 6 3
3 0

5 8 10 12 16 28 30 31
16 12 5 28 10
2 1 4 11 8
0 2

6 7 10 14 18 22 23 30
14 10 30 7 23
4 2 1 9 12
3 0

3 6 13 15 20 24 27 30
30 20 13 6 24
11 10 5 2 15
4 0

2 3 4 6 9 11 15 22
4 11 15 9 3
5 9 14 1 7
2 3

5 15 16 17 25 26 30 31
15 16 30 5 25
14 3 10 6 9
0 2

5 8 9 11 14 24 25 31
14 31 8 11 24
13 10 2 1 8
0 4

1 2 6 8 9 19 24 28
6 8 19 1 9
15 10 8 7 6
0 3

4 6 8 10 14 17 20 22
8 6 10 17 14
6 3 13 9 4
3 1

1 2 3 5 7 12 19 26
12 7 19 5 3
3 10 9 2 1
3 1

2 5 12 14 15 19 27 28
15 2 14 27 12
13 12 10 9 6
0 5

9 14 18 19 22 24 26 29
9 19 26 18 22
11 3 5 2 1
2 0

6 8 13 15 18 21 24 29
29 8 24 13 18
6 3 2 1 4
1 3

5 7 8 9 14 17 23 27
9 5 23 27 8
14 9 8 11 2
0 4

1 7 8 13 14 20 27 29
29 27 1 14 20
11 12 6 2 1
1 2

2 5 6 9 12 16 28 30
30 16 5 9 12
2 9 15 12 6
2 0

3 7 8 9 15 19 26 31
26 9 3 19 15
4 2 6 8 10
0 4

7 8 18 20 21 23 27 29
18 7 23 27 20
8 11 15 13 12
0 4

9 12 13 20 22 25 28 31
20 28 25 31 13
4 2 9 14 11
3 0

2 3 6 8 10 11 15 21
6 8 3 11 21
10 13 4 6 11
2 2

8 10 19 20 25 28 29 30
30 8 10 19 20
14 5 1 9 3
2 3

2 7 9 16 20 22 23 26
2 22 23 16 26
8 3 6 10 4
2 3

4 9 11 14 15 20 27 29
11 15 29 27 4
12 7 3 10 6
1 4

1 3 6 9 17 18 25 29
1 18 6 17 25
2 9 13 8 4
2 0

8 11 12 14 15 17 20 22
8 14 15 11 20
11 4 15 1 10
2 1

7 17 18 19 20 22 24 27
27 20 24 18 17
14 15 8 6 3
2 1

1 9 15 22 24 25 27 31
25 27 31 22 15
10 13 8 3 14
0 3

3 6 8 9 12 19 23 24
8 23 9 6 24
10 3 4 2 9
3 0

1 2 15 17 19 21 29 31
15 19 17 1 29
15 12 6 5 14
2 0

1 3 5 12 15 16 22 28
5 22 3 1 28
12 6 3 11 14
0 4

7 9 17 19 21 22 24 29
7 22 21 17 19
11 9 8 14 5
2 3

4 10 13 17 20 23 24 29
17 23 13 10 4
8 10 5 3 2
3 2

1 3 7 11 13 14 21 30
7 1 30 21 14
11 12 8 6 9
1 1

2 4 6 10 15 16 21 23
23 15 6 2 10
15 13 1 7 5
2 2

6 9 10 11 12 15 19 23
12 11 15 6 9
9 12 14 6 3
0 4

4 5 7 8 11 17 19 31
4 11 5 17 8
4 5 10 2 1
0 3

3 14 15 17 20 23 25 26
20 3 25 23 14
9 6 8 12 14
2 2

8 11 14 18 19 21 26 30
21 14 8 30 11
12 13 9 2 1
0 4

4 12 16 17 18 19 22 30
22 30 12 17 16
12 15 4 2 9
0 3

3 5 13 17 18 25 27 30
3 13 27 17 5
14 9 1 11 2
2 1

8 14 15 18 21 24 30 31
30 14 24 15 18
15 10 12 13 1
0 2

6 7 9 11 13 16 22 28
13 9 6 28 7
9 12 11 13 3
1 1

6 7 13 17 21 23 25 27
13 27 25 23 6
15 13 12 14 1
2 2

4 5 7 9 13 18 19 22
5 9 19 7 4
8 10 6 3 14
0 3

2 5 7 12 16 17 18 25
12 17 7 2 18
8 15 2 1 12
2 2

6 7 12 15 17 18 24 26
17 7 26 12 6
11 15 9 2 1
3 0

4 9 16 17 18 26 30 31
16 31 4 30 26
6 13 12 10 9
2 1

1 2 13 14 15 16 19 22
1 2 19 15 14
5 12 9 2 1
0 2

3 6 7 12 14 16 25 28
28 3 14 16 25
5 8 11 12 15
3 2

1 2 3 7 13 14 29 30
29 1 2 30 3
3 2 1 11 9
0 4

1 3 9 12 15 19 20 23
1 23 20 9 3
14 11 4 2 13
0 3

2 5 8 14 17 18 19 22
2 18 14 22 19
6 14 7 2 15
2 1

6 7 13 14 15 16 22 28
7 13 28 6 14
3 7 13 2 1
1 1

1 2 3 4 22 23 25 30
4 2 3 1 30
10 8 4 14 9
0 3

5 10 11 12 14 17 24 25
25 11 5 10 24
11 12 6 2 5
4 0

4 8 10 13 19 22 26 30
19 13 26 22 8
14 8 12 2 15
3 0

3 16 18 19 20 23 28 30
19 3 16 18 20
4 6 1 15 8
1 1

1 2 5 14 16 17 19 20
20 1 16 17 5
1 6 8 9 2
3 1

3 5 7 11 16 17 27 29
3 27 17 29 5
10 5 6 4 1
2 2

4 17 21 26 27 28 30 31
17 31 21 27 28
1 11 3 5 6
2 2

1 3 9 10 15 21 26 27
15 27 3 26 9
6 9 11 2 1
0 4

1 4 7 9 10 13 24 26
7 26 4 1 24
15 11 4 2 14
2 2

4 5 9 20 22 23 26 27
27 23 22 4 26
10 4 1 14 12
2 2

1 9 10 11 13 15 25 26
10 11 13 25 15
15 10 5 2 13
2 0

2 3 5 6 7 8 22 29
22 5 2 3 8
7 9 13 5 10
1 2

8 9 11 16 22 27 28 29
11 28 16 22 8
6 13 8 15 5
2 3

5 12 14 15 16 17 21 31
14 5 17 15 21
9 7 6 14 12
2 2

3 11 12 13 14 18 20 31
20 12 18 3 13
14 10 6 4 2
0 2

3 4 9 14 15 16 26 29
29 26 4 9 14
14 7 6 3 8
0 4

2 11 13 14 16 24 28 30
24 13 28 16 14
15 4 12 9 11
0 3

6 10 13 15 17 20 25 27
10 25 20 15 6
15 7 3 12 1
3 2

1 4 19 23 24 25 29 31
19 29 23 25 1
7 12 1 13 15
1 1

1 5 7 11 15 20 27 28
20 28 11 15 27
14 13 4 2 7
2 2

4 6 8 10 14 17 23 30
10 6 8 23 17
2 1 11 3 6
1 2

4 6 8 9 17 19 23 26
17 4 19 8 9
13 7 9 10 4
0 3

6 7 12 15 19 23 25 27
15 7 25 12 6
6 3 2 11 15
1 1

1 2 6 11 12 19 24 31
11 12 1 6 31
15 12 2 1 13
1 3

5 6 7 10 14 26 29 31
6 7 10 5 14
2 1 6 12 15
2 2

1 2 14 19 22 24 29 30
2 30 1 24 22
1 12 6 14 7
2 2

10 11 12 13 19 27 29 31
12 13 11 29 27
2 1 13 11 4
3 1

7 8 15 19 21 25 27 30
19 25 30 21 15
10 8 7 12 3
0 4

1 3 5 9 12 14 19 26
12 1 5 9 19
5 3 1 12 4
2 1

1 7 13 19 20 24 28 31
24 19 1 7 20
10 3 5 6 15
1 4

3 6 8 10 11 22 24 28
22 11 24 6 3
12 6 9 8 10
1 2

5 9 13 16 19 26 27 31
16 13 26 19 31
8 14 12 11 1
0 5

3 5 6 9 15 17 20 25
15 20 3 9 25
4 3 2 1 8
1 3

1 2 3 6 8 14 20 25
8 6 20 2 1
13 7 12 2 1
2 0

2 3 5 8 11 16 17 27
5 2 27 16 8
2 1 10 14 15
1 3

5 9 18 20 21 28 30 31
20 5 28 30 9
3 7 2 11 4
2 3

2 3 6 11 12 16 20 24
16 2 6 12 3
10 9 1 14 12
2 2

8 9 11 13 18 22 23 31
13 11 9 31 18
6 2 1 13 15
1 3

5 11 13 19 20 25 27 29
27 25 19 29 5
15 3 7 12 13
2 2

14 19 20 21 23 27 29 30
27 23 30 21 20
12 10 9 14 6
1 3

1 6 13 19 20 22 27 30
30 22 6 13 20
10 11 8 4 14
0 4

8 9 13 16 18 22 24 30
30 8 22 16 9
15 9 7 6 5
1 1

4 6 9 12 13 23 24 27
13 27 6 9 12
3 9 12 5 13
3 2

6 9 10 13 14 15 16 21
13 21 9 15 14
4 1 3 14 7
2 0

1 2 12 20 22 24 26 30
1 30 12 20 22
6 13 7 9 10
2 2

7 8 10 12 13 19 23 25
12 8 10 25 23
14 7 15 9 6
3 1

4 5 13 21 24 26 28 29
24 13 4 29 26
9 5 1 11 6
1 3

9 12 13 14 18 23 29 31
29 18 31 23 13
1 13 9 5 15
1 2

3 4 9 14 24 25 26 29
9 29 14 24 3
15 7 2 1 12
1 1

5 11 13 14 24 26 28 29
26 24 29 14 5
14 7 5 4 15
1 1

2 8 12 13 14 20 21 23
21 13 12 8 2
8 4 9 14 15
0 2

1 2 9 10 13 16 22 26
1 16 13 10 9
8 13 4 11 14
1 2

4 5 7 18 19 21 25 31
21 25 7 18 19
13 8 5 3 2
2 2

4 7 8 16 20 21 23 27
16 21 4 27 23
8 4 2 11 7
4 0

3 8 14 20 22 25 29 30
20 30 22 14 8
10 1 8 6 3
3 1

11 12 18 19 26 27 29 31
12 11 19 27 26
13 4 9 11 12
0 3

3 5 7 12 17 18 25 30
5 12 7 18 17
8 4 2 9 12
2 1

7 10 12 13 14 17 20 29
12 17 13 29 14
13 2 1 11 5
0 4

1 3 5 6 7 11 12 26
12 3 6 7 5
15 11 8 13 9
2 3

2 5 11 13 17 18 25 28
5 17 18 11 28
3 2 15 8 9
2 3

1 3 7 11 16 19 25 30
19 25 30 7 1
11 9 8 5 14
2 2

4 8 17 18 26 27 30 31
27 30 17 26 18
10 13 6 3 14
3 0

4 5 8 9 11 14 18 22
14 11 4 8 22
3 14 7 6 8
4 0

1 7 12 13 14 18 20 31
12 31 7 1 13
13 4 2 12 6
0 4

3 6 7 8 9 24 30 31
30 8 6 7 24
2 1 6 12 7
0 3

5 9 14 16 19 20 22 30
9 19 20 30 14
11 3 7 2 1
0 4

10 11 13 15 16 17 27 29
27 29 13 16 15
11 4 15 12 6
2 1

6 9 14 16 19 25 28 30
19 6 9 14 30
5 4 2 1 14
0 3

4 5 16 17 18 23 29 30
4 17 18 30 16
6 3 14 13 8
0 3

2 6 8 13 18 22 24 27
24 8 22 2 13
5 9 13 4 2
0 3

2 21 23 24 25 27 30 31
21 25 2 31 27
6 4 8 1 3
2 0

1 4 5 6 7 8 14 20
7 4 6 5 14
8 2 1 11 7
0 3

6 15 17 18 19 21 25 27
18 27 15 17 19
12 13 2 1 9
0 4

1 5 9 10 15 23 27 28
5 1 15 10 23
2 1 9 3 10
1 1

2 5 12 19 24 26 27 28
12 28 26 5 2
5 13 11 15 12
2 1

6 7 8 9 10 14 15 27
14 7 8 10 6
4 15 8 12 14
1 4

4 6 7 8 13 19 27 30
13 4 30 7 6
9 4 1 13 14
1 2

3 8 9 11 13 20 30 31
9 3 30 20 11
15 8 9 2 1
0 3

3 5 7 9 20 22 24 31
31 7 9 24 5
4 2 9 12 10
0 4

1 2 3 6 7 16 25 30
25 3 1 2 7
12 3 2 1 15
0 4

3 9 10 12 14 16 20 26
16 12 20 9 10
2 1 6 14 8
0 3

3 6 9 10 13 15 21 31
6 9 3 15 21
5 12 2 9 14
2 3

1 6 8 9 10 23 25 26
6 1 10 8 9
2 14 10 8 7
0 5

8 9 10 16 20 23 24 30
24 23 9 20 10
3 11 5 14 7
4 0

2 6 13 20 24 25 28 30
6 30 2 24 13
3 11 13 14 6
3 1

2 3 5 12 14 19 22 23
19 3 23 22 12
11 3 4 7 1
1 3

2 6 8 12 16 25 26 30
8 25 6 2 30
15 12 8 14 9
1 3

3 5 11 15 18 19 27 31
19 11 3 31 15
7 10 13 6 3
0 3

5 10 16 18 20 24 28 29
29 10 28 20 24
2 13 9 10 5
2 0

7 11 12 13 14 16 17 20
17 11 7 13 14
4 15 7 2 1
1 1

3 4 6 13 18 20 22 26
3 20 22 18 6
6 12 15 10 7
3 1

2 5 6 12 15 17 18 19
15 12 5 17 6
15 2 11 9 8
1 2

1 5 8 9 10 14 15 31
8 10 15 14 1
12 6 3 10 15
2 0

6 7 9 14 15 19 26 29
6 29 14 9 26
15 14 4 2 1
2 1

6 9 13 20 22 23 27 29
22 13 20 6 27
7 2 4 14 13
2 3

4 6 8 9 14 19 25 30
19 9 30 4 25
4 2 13 7 9
2 2

4 6 10 11 14 15 16 24
11 10 6 14 16
5 6 3 13 15
2 2

7 8 12 15 16 18 24 31
15 12 16 18 24
7 4 2 11 3
3 0

4 7 8 10 11 16 17 20
16 4 11 10 8
12 13 9 5 3
2 2

1 3 5 11 13 18 26 30
26 3 5 1 18
2 1 5 10 7
0 4

1 4 7 9 10 12 16 25
12 16 4 10 1
7 11 13 15 3
1 2

1 5 7 8 9 13 16 31
31 13 1 5 9
13 10 6 3 8
0 4

1 2 7 14 17 18 23 24
2 7 23 14 17
13 6 7 9 10
2 2

1 6 9 23 24 25 26 29
6 25 24 29 23
10 5 11 2 4
0 2

1 12 17 19 20 21 23 30
19 1 23 21 17
12 13 9 5 2
1 2

1 4 7 10 13 16 18 31
31 4 1 13 18
13 3 7 9 10
0 5

3 5 7 13 15 17 26 27
3 17 7 26 13
4 12 6 7 2
4 0

6 9 12 18 20 23 28 29
29 20 18 12 6
8 6 1 10 7
1 3

1 2 3 8 12 18 21 27
27 2 12 21 18
10 8 2 1 6
3 0

1 2 7 12 13 17 26 27
17 7 2 12 26
14 7 1 9 15
4 0

5 8 10 12 19 20 24 26
8 26 19 20 24
3 12 10 9 4
1 2

2 4 5 18 19 23 25 27
18 27 4 23 5
14 3 13 11 10
0 3

3 6 7 9 18 21 22 30
22 6 9 30 3
2 1 4 3 5
0 4

1 5 9 10 14 27 29 31
1 14 29 5 9
13 10 8 4 9
0 4

3 14 16 17 19 24 25 26
24 14 19 17 16
9 12 1 3 4
1 4

3 6 7 15 21 24 26 29
29 3 7 15 6
15 6 11 4 8
1 1

4 5 13 16 17 24 25 29
25 5 16 24 13
5 14 12 8 3
3 0

5 9 10 16 20 23 24 26
5 20 10 24 9
1 4 8 12 14
0 2

6 8 12 14 17 20 21 28
21 17 6 14 12
15 12 6 9 1
4 0

5 9 11 15 19 21 26 27
9 19 15 11 21
13 11 9 8 5
1 3

1 7 10 11 12 18 27 31
18 7 31 11 12
11 14 8 4 2
2 1

1 4 7 10 13 15 23 26
7 10 4 15 1
7 2 1 11 12
1 3

2 6 8 10 18 21 26 31
10 26 18 2 8
15 9 4 13 1
0 4

4 6 7 8 9 18 20 27
20 6 8 7 27
2 14 8 4 6
3 0

2 5 9 14 17 24 28 29
14 24 5 29 28
4 11 1 12 14
4 0

6 7 8 19 23 27 28 30
23 27 28 30 19
7 10 12 13 9
1 2

1 3 13 17 18 21 26 28
17 13 1 28 26
4 2 9 1 5
2 1

1 6 7 9 15 16 17 30
15 30 7 17 6
5 9 1 7 15
1 4

1 4 9 11 13 18 25 31
9 13 1 18 11
4 10 5 15 2
3 0

2 5 8 9 13 14 27 31
27 14 8 5 2
9 15 8 4 2
2 2

2 11 14 17 20 21 22 29
2 14 17 21 11
14 7 4 3 1
0 4

2 9 13 16 21 24 26 27
2 13 27 21 16
3 4 2 12 6
3 0

15 16 19 21 23 25 27 28
16 15 28 25 27
14 11 10 15 9
3 1

1 6 7 9 11 13 14 21
7 13 9 14 6
12 10 9 15 4
0 3

3 4 8 9 11 12 16 30
3 8 9 12 11
7 11 5 3 2
1 2

2 3 7 11 16 18 22 31
31 22 3 7 11
15 12 8 4 10
1 3

2 10 12 23 24 26 28 29
28 2 29 23 24
15 13 3 9 12
2 2

7 11 13 14 15 22 27 29
14 15 22 29 11
2 1 5 8 15
2 1

5 8 11 12 13 22 26 28
12 11 22 28 5
2 1 7 15 3
3 0

6 7 10 14 17 22 23 25
17 10 6 14 23
9 8 4 12 2
3 1

1 7 14 15 17 19 20 30
30 17 20 1 19
8 2 1 15 4
2 1

1 2 3 7 12 21 23 28
7 2 23 28 1
12 6 11 9 15
3 0

1 2 7 10 12 14 22 26
10 22 14 12 2
6 1 13 10 5
2 2

1 5 7 14 19 25 30 31
25 31 5 1 30
13 14 9 7 8
3 2

1 2 8 17 19 23 25 26
17 25 1 19 26
15 10 12 13 3
1 3

9 11 15 17 19 21 22 25
25 15 17 22 11
12 2 1 9 14
0 3

1 6 11 14 17 18 26 30
11 17 18 6 1
11 7 9 2 1
1 3

3 9 15 19 21 23 24 27
24 3 15 9 23
3 9 12 15 6
2 1

2 6 10 11 12 14 20 27
27 20 10 6 11
15 7 10 2 1
1 2

1 8 9 11 12 13 17 23
8 1 23 11 17
8 4 6 1 12
0 3

2 4 6 7 14 20 21 22
2 6 14 4 20
7 11 2 1 12
0 4

1 4 5 6 16 20 23 30
20 6 4 5 1
7 6 12 15 3
3 1

2 7 14 17 20 22 23 26
26 7 22 17 2
1 10 6 4 12
0 3

2 4 7 10 11 19 27 30
10 27 11 4 7
13 3 11 2 1
0 4

4 5 16 19 20 21 29 31
19 20 4 21 31
10 5 11 1 15
0 3

3 4 5 11 20 21 23 25
5 3 20 21 11
12 2 4 5 1
2 1

3 11 13 15 16 20 22 26
13 11 16 15 20
6 3 9 10 1
3 1

1 4 5 13 17 18 26 28
17 4 5 28 18
7 10 11 5 9
1 2

3 5 8 19 20 26 27 29
3 8 5 19 20
7 13 5 11 4
1 4

1 6 7 10 12 25 29 31
7 29 31 12 25
14 10 8 5 2
1 4

5 11 15 18 20 22 26 29
26 29 15 18 20
9 13 6 2 3
3 1

4 8 9 13 17 20 21 22
13 9 20 8 17
6 3 11 1 13
3 1

1 4 6 10 14 15 17 30
4 6 14 15 17
15 12 10 9 8
1 3

5 10 13 14 17 19 23 27
5 14 19 23 17
1 8 7 9 10
3 2

5 6 7 15 19 20 23 24
7 20 19 5 6
10 13 8 6 3
0 4

6 12 13 15 17 19 27 28
17 19 15 13 6
11 2 1 10 8
0 3

10 11 12 14 15 23 24 27
11 10 15 14 24
6 3 13 11 9
2 0

2 3 8 12 13 16 29 31
3 31 2 8 16
12 5 2 1 10
0 3

6 10 11 16 18 21 25 29
18 6 16 25 21
8 10 1 6 9
1 4

3 6 8 11 14 15 18 29
6 14 11 8 18
15 13 4 2 11
1 2

1 12 16 17 21 27 30 31
16 30 17 27 31
1 14 13 11 10
0 3

7 9 12 13 14 16 21 25
16 12 9 14 13
9 4 7 3 2
2 2

3 8 9 15 16 23 29 30
9 3 23 15 16
2 1 7 11 9
3 1

3 10 11 14 17 21 25 29
14 17 29 3 10
2 1 3 12 6
2 0

5 7 18 19 20 21 24 27
24 18 5 21 27
6 2 4 5 12
0 4

1 7 11 12 16 20 21 31
20 7 12 11 1
9 15 11 14 7
3 0

5 6 10 14 17 20 27 30
6 20 17 30 27
11 4 2 1 13
0 3

2 10 15 18 19 23 27 30
19 15 30 27 2
6 3 12 4 1
3 0

10 14 15 16 21 22 24 28
10 22 21 28 14
6 10 12 4 13
0 3

4 10 12 18 21 23 27 31
12 4 31 18 10
14 10 4 8 1
1 3

8 9 10 12 16 18 28 29
8 29 9 10 12
9 7 2 1 12
1 3

3 6 11 15 22 23 27 29
22 6 23 15 3
1 15 11 12 6
3 0

1 4 7 10 12 25 26 28
25 1 26 10 4
15 9 11 12 13
1 4

2 3 5 13 14 15 20 24
2 5 14 24 13
5 14 11 12 1
0 4

5 10 14 20 25 28 30 31
31 25 30 28 14
4 11 15 13 12
1 2

2 5 8 9 11 13 14 30
5 13 11 8 2
13 3 5 8 4
3 0

2 6 11 16 17 19 25 27
19 27 25 17 6
4 2 12 10 11
3 0

2 4 5 9 15 19 23 25
4 2 19 15 25
11 14 8 2 1
2 0

4 11 15 20 24 26 27 28
26 24 27 20 11
13 7 4 3 1
3 2

7 15 18 22 23 24 28 31
31 23 15 7 22
6 3 2 15 8
0 2

2 7 10 12 18 20 21 22
18 7 22 20 10
15 5 7 1 2
2 2

7 17 22 23 24 28 29 31
31 28 7 29 22
15 7 13 6 2
2 2

7 9 12 14 18 19 21 25
18 21 12 14 19
8 11 9 1 7
1 1

8 11 16 18 23 24 25 27
8 11 16 25 23
15 12 3 6 5
2 2

5 9 10 13 15 17 19 28
5 10 28 17 13
4 7 5 3 2
1 4

1 6 8 12 13 24 28 30
1 8 24 30 28
8 9 14 12 11
1 4

4 5 6 7 8 11 22 28
11 5 4 7 22
6 13 4 8 14
1 2

10 13 15 20 23 25 27 29
29 25 15 10 27
8 1 3 4 15
2 3

4 8 9 11 13 14 15 29
15 9 13 4 29
13 4 2 1 7
0 3

1 2 3 5 22 23 26 28
26 1 3 23 2
12 13 7 2 1
1 3

4 6 9 10 15 19 21 29
21 6 4 19 10
13 3 8 6 5
0 2

1 2 4 8 10 11 26 31
4 2 8 1 26
6 10 12 13 15
0 5

3 7 17 19 26 27 29 31
3 27 29 31 7
5 10 2 8 15
1 1

2 5 6 17 21 25 28 30
30 17 28 25 2
13 4 2 11 14
3 0

1 7 8 9 11 13 18 22
7 13 8 9 18
4 2 7 9 14
2 0

1 4 8 12 15 23 25 30
30 23 8 1 25
14 15 8 4 13
4 0

2 6 13 21 24 27 28 30
21 6 24 2 28
8 4 2 14 1
0 2

1 4 8 11 20 21 23 31
23 8 31 21 20
1 15 4 10 13
0 4

12 16 20 23 24 25 26 27
12 26 20 24 25
10 3 9 13 15
1 3

2 3 7 8 9 19 21 25
2 9 3 8 21
7 13 6 5 12
3 2

1 2 11 15 19 21 22 23
11 21 15 19 2
9 2 1 15 6
0 3

1 8 12 13 14 16 24 26
14 26 1 12 8
10 7 1 4 2
3 0

2 10 15 17 18 20 21 28
18 17 20 21 2
2 6 4 3 13
0 3

2 11 14 16 18 19 22 24
2 19 16 14 24
13 15 8 4 9
3 0

3 15 16 17 19 26 29 30
26 15 17 30 3
9 2 1 6 12
0 3

9 12 14 17 20 22 23 27
20 27 23 17 12
13 3 5 14 7
4 0

2 6 10 16 24 28 30 31
6 10 30 16 31
3 14 10 8 1
0 2

1 5 7 9 13 17 21 26
7 9 5 17 1
15 6 3 8 14
2 0

12 13 17 20 22 26 27 29
12 27 22 17 13
10 12 13 6 4
0 2

1 2 11 13 15 23 24 29
15 29 11 13 23
13 7 2 1 8
0 4

1 10 14 16 18 19 26 28
10 19 14 16 18
2 1 10 4 15
2 0

1 5 7 9 23 26 28 29
26 23 28 5 9
1 14 12 11 2
0 2

1 6 11 16 18 20 29 31
20 6 1 31 11
6 2 1 15 9
3 1

4 6 10 14 18 23 26 27
14 27 10 26 4
8 11 9 1 4
3 1

9 10 18 19 21 22 23 27
18 21 19 23 22
14 12 6 4 3
1 1

2 4 8 17 20 22 26 30
17 30 2 20 26
8 14 2 12 9
4 0

5 14 19 20 24 26 30 31
5 26 31 20 14
4 10 13 15 1
0 3

2 8 14 18 22 23 29 31
18 14 29 8 31
10 5 2 12 4
3 0

3 5 8 10 13 17 22 23
22 23 8 3 17
3 2 1 5 9
0 4

11 12 14 16 18 20 22 25
12 20 18 14 25
2 12 6 15 3
1 1

1 4 5 9 22 24 30 31
24 5 1 9 31
13 10 5 11 1
3 1

1 3 4 5 10 15 17 26
10 3 4 15 1
4 2 10 8 1
3 0

3 6 12 17 18 21 23 30
30 23 12 18 6
15 8 4 12 11
0 4

3 6 9 15 25 28 29 31
25 28 6 3 9
6 7 2 1 13
3 1

5 11 12 13 15 16 17 25
17 15 11 5 25
11 7 5 14 2
1 4

1 7 11 15 16 19 26 30
26 7 11 16 15
11 4 2 12 7
0 4

4 10 11 12 13 18 22 29
11 12 13 29 22
4 2 15 7 1
2 1

2 5 10 15 25 27 28 30
2 15 5 27 30
8 2 1 11 14
3 0

7 8 9 17 20 21 23 27
27 7 20 21 17
5 2 11 12 1
1 4

9 15 16 17 18 23 26 28
17 26 9 18 23
4 9 7 2 1
0 3

3 6 12 14 22 24 25 30
22 6 24 12 14
14 10 6 4 1
0 3

1 3 6 9 12 15 20 29
15 3 12 9 20
7 4 2 1 8
3 2

7 10 19 22 24 28 29 31
19 31 28 22 10
4 6 15 11 9
1 4

8 10 12 16 17 18 23 29
8 10 12 16 18
13 2 1 4 10
3 1

5 9 11 15 23 26 29 31
9 11 15 26 5
1 11 13 14 15
1 4

4 6 10 14 16 24 27 29
14 6 27 4 10
3 8 14 12 1
1 1

1 4 5 7 10 12 25 29
12 29 4 5 1
7 13 2 11 15
1 1

3 5 14 20 22 28 29 30
5 3 22 28 29
12 9 5 11 6
1 2

4 5 7 10 14 21 24 25
24 10 4 25 7
7 6 8 4 2
0 4

18 20 23 26 27 29 30 31
20 30 31 26 23
15 4 7 1 12
0 3

2 15 17 25 26 28 29 30
2 26 25 17 15
1 13 7 15 8
2 3

3 4 12 14 16 22 23 24
16 14 12 23 22
13 8 4 15 3
3 1

5 7 10 11 12 13 19 23
19 5 11 13 10
15 13 2 6 8
1 3

1 11 16 17 19 23 29 31
19 23 17 29 16
13 10 9 15 11
1 2

2 4 9 10 11 19 24 31
10 31 11 2 4
14 15 2 1 9
1 1

2 3 10 14 17 19 25 26
10 17 14 19 26
5 11 7 12 15
2 2

7 21 22 25 26 27 28 29
7 28 27 25 29
5 3 2 6 1
1 4

2 3 7 8 10 15 29 31
3 10 7 15 31
7 8 13 9 14
1 3

3 4 12 13 14 20 25 30
12 13 25 4 3
6 3 12 15 11
1 1

6 10 15 19 20 21 28 29
6 29 21 20 10
15 13 10 5 1
0 2

1 3 6 7 9 22 26 30
9 3 1 22 6
3 12 14 11 13
3 1

1 2 7 19 25 26 30 31
2 1 26 31 25
7 15 11 2 12
0 4

2 4 9 10 16 18 26 29
26 2 4 10 18
13 3 2 1 8
0 3

4 5 6 7 10 17 22 27
17 22 6 5 7
5 6 2 1 8
1 3

2 7 13 14 15 21 22 26
15 22 14 13 2
14 6 3 7 9
0 3

3 6 9 10 12 13 18 31
18 31 12 6 13
12 9 7 6 13
1 3

2 7 8 9 10 24 29 31
8 31 9 29 24
9 6 3 8 10
0 4

3 6 8 11 20 26 28 29
29 26 3 6 20
5 11 3 10 15
1 4

3 4 12 14 16 17 18 21
12 17 21 18 14
15 10 6 2 1
0 4

4 6 8 11 17 18 19 30
17 11 19 6 4
13 4 14 2 1
2 0

1 2 7 13 15 20 24 29
29 24 15 1 7
9 4 11 7 1
3 0

2 5 7 10 11 20 25 29
29 25 5 2 11
15 2 4 5 10
1 4

7 9 10 11 12 14 25 31
14 25 10 31 11
4 9 7 2 1
1 3

5 9 20 21 23 24 27 28
27 9 24 23 20
15 4 13 3 12
1 2

1 2 7 19 21 24 25 27
27 19 21 2 24
3 7 9 5 15
1 3

10 12 14 15 19 22 27 29
12 15 27 22 14
10 2 7 3 4
3 1

5 10 17 20 21 26 27 30
5 27 30 20 26
14 12 11 1 2
0 2

2 12 13 17 21 26 29 30
21 29 12 30 26
6 3 11 5 12
3 0

9 14 19 20 21 23 24 28
14 19 20 23 24
11 6 3 14 9
0 3

3 4 5 9 14 16 21 25
25 21 9 4 14
4 14 2 1 10
1 3

7 10 17 19 23 25 27 31
25 19 7 17 27
11 12 6 9 8
4 0

12 13 19 21 23 25 27 28
12 25 13 19 21
12 4 13 1 5
0 3

1 4 6 7 9 22 26 27
27 22 1 26 7
6 9 4 13 1
3 1

1 3 9 14 15 21 23 25
23 1 3 9 21
13 8 6 3 12
0 3

1 2 5 11 13 14 25 27
11 2 13 1 27
8 12 10 5 4
2 1

6 14 15 16 18 25 28 31
31 15 16 18 28
8 15 14 7 2
2 0

3 5 7 14 15 22 26 31
26 7 15 5 3
7 4 15 2 1
2 2

2 3 9 11 17 21 23 24
24 11 17 9 23
14 3 5 12 2
2 3

5 8 11 16 22 23 27 29
16 8 22 27 11
1 3 14 12 11
0 3

8 9 13 18 19 20 22 23
19 13 9 22 8
6 4 3 15 2
2 2

1 2 14 17 22 23 25 31
17 2 14 25 23
15 1 12 10 9
2 3

9 11 17 19 23 27 29 31
23 27 29 31 9
14 7 13 15 3
3 0

5 15 16 18 20 22 26 31
16 5 22 18 20
15 8 4 2 10
0 3

3 8 11 13 19 24 30 31
11 31 19 30 13
13 8 10 5 2
2 0

4 18 19 20 21 22 23 28
23 21 20 19 22
2 14 8 4 9
3 1

1 3 7 15 17 26 28 31
7 17 15 26 31
10 2 5 8 1
2 3

1 9 11 12 13 14 27 28
13 14 1 11 12
8 4 14 10 1
1 1

10 12 14 17 20 23 24 27
14 12 24 20 10
12 8 4 7 1
2 1

3 4 8 14 16 17 21 26
26 8 14 21 3
4 8 1 11 7
0 3

6 7 13 14 19 22 23 29
29 14 19 22 6
15 10 8 7 12
0 3

3 4 8 9 12 13 18 29
9 13 18 8 4
9 2 7 8 4
3 0

12 18 19 20 21 26 29 31
26 19 12 20 21
15 8 4 2 3
3 1

2 6 16 17 19 20 28 30
16 6 19 30 17
11 10 4 1 13
0 3

4 8 10 18 20 21 25 30
30 18 25 10 20
14 10 2 4 8
3 1

4 10 11 12 18 19 27 28
4 11 18 27 19
4 2 12 8 10
0 4

2 4 6 8 11 14 23 30
30 11 14 6 8
9 13 2 6 3
3 0

1 8 13 16 18 23 30 31
18 16 1 8 30
4 10 5 6 11
4 0

3 9 13 17 24 26 27 30
24 3 27 9 13
15 7 13 6 11
3 2

4 9 13 18 20 22 24 29
24 20 18 9 22
6 3 7 13 2
0 3

2 3 5 8 10 11 14 26
14 2 26 5 8
8 15 12 2 1
1 3

3 4 8 9 10 14 18 30
8 4 14 10 3
12 8 6 1 13
1 4

4 7 8 9 14 15 16 20
14 8 9 7 20
2 1 12 13 10
0 4

3 5 7 8 16 22 30 31
22 7 31 5 3
13 15 8 4 11
0 4

6 7 8 13 18 19 20 25
6 19 7 8 25
15 6 3 9 12
0 4

4 5 13 15 18 20 21 28
20 13 4 18 15
12 2 1 6 3
2 0

3 8 13 14 17 21 27 28
8 14 28 17 3
4 2 1 5 15
0 4

5 8 12 13 14 19 21 29
8 13 12 29 5
10 8 4 11 12
1 1

1 3 16 18 19 24 25 28
19 28 25 1 24
11 15 5 4 7
3 1

7 8 14 18 21 24 25 30
7 21 24 18 14
6 3 2 15 10
0 2

7 10 21 22 23 24 27 31
21 10 23 22 7
4 9 11 12 15
0 3

1 17 19 22 24 26 30 31
24 26 30 1 17
12 9 8 7 3
2 2

3 4 5 18 20 21 22 30
5 21 4 18 22
8 7 3 1 6
2 1

1 4 7 9 10 24 26 30
9 26 7 30 1
10 7 8 9 2
3 1

1 12 18 21 24 26 28 29
26 12 21 28 29
15 10 11 7 1
1 1

