100

6 10 12 13 14 18 21 23 
14 13 12 21 6 
2 11 4 1 5 
2 0

1 3 5 7 8 14 19 31 
5 31 8 3 14 
6 10 14 9 13 
5 0

6 10 11 14 15 18 20 30 
6 18 14 10 11 
13 8 7 2 9 
5 0

3 9 10 13 14 23 25 28 
25 9 28 14 23 
6 12 8 10 11 
2 0

2 12 13 15 17 19 20 23 
20 15 13 23 19 
15 9 12 11 2 
3 0

2 3 6 7 13 17 24 29 
17 24 13 3 7 
8 13 14 6 5 
5 0

1 3 7 8 11 15 22 31 
8 11 1 15 3 
3 4 2 10 13 
2 2

12 19 20 22 25 28 29 31 
25 28 19 12 29 
10 4 3 14 7 
2 2

5 7 9 14 18 22 26 28 
22 14 28 5 7 
8 4 10 5 2 
3 1

1 2 5 7 10 13 26 28 
13 5 26 28 2 
13 15 7 10 12 
3 0

3 15 16 19 20 24 28 29 
20 3 16 24 15 
2 7 4 14 10 
4 0

5 6 7 16 19 24 27 29 
6 19 16 27 29 
15 5 6 11 1 
3 1

2 8 10 15 16 17 19 31 
2 31 15 17 10 
7 15 5 13 8 
3 2

2 4 8 16 21 22 26 29 
26 22 4 8 29 
10 12 2 4 13 
3 2

6 8 11 14 21 22 23 31 
21 14 23 6 22 
8 9 1 12 3 
2 3

1 8 9 11 15 18 25 27 
15 11 25 18 8 
9 11 4 6 7 
5 0

1 4 5 10 11 26 27 30 
4 30 1 11 26 
7 12 8 9 5 
3 0

1 4 6 9 13 20 25 29 
9 25 20 1 4 
2 7 14 10 6 
2 2

4 6 8 9 12 13 14 25 
25 6 12 4 8 
5 10 2 6 3 
4 0

2 3 14 15 17 18 19 29 
19 18 2 3 14 
14 11 4 13 6 
3 2

1 10 12 16 19 20 24 26 
10 20 12 19 1 
7 6 13 15 11 
3 2

1 3 4 13 19 22 29 31 
3 13 22 29 31 
7 15 6 10 9 
3 1

2 4 5 10 15 16 27 28 
5 4 2 27 10 
2 3 7 8 14 
2 1

1 3 8 11 18 19 23 28 
11 19 28 8 23 
5 8 15 4 9 
2 3

10 12 13 16 21 22 25 27 
22 10 13 25 21 
2 13 11 10 14 
2 2

3 4 22 23 25 27 29 31 
22 29 23 4 31 
10 5 1 13 6 
3 0

9 12 14 19 20 25 26 31 
19 12 25 26 14 
10 3 4 2 11 
3 0

1 2 7 10 20 21 27 31 
27 31 7 21 10 
9 2 8 6 4 
2 0

1 2 10 12 14 16 19 23 
2 14 10 12 1 
12 9 3 5 15 
4 0

1 3 4 11 15 18 22 27 
1 27 3 4 15 
6 3 2 4 7 
4 0

2 7 14 16 17 19 24 31 
2 17 14 31 24 
11 8 15 6 10 
3 2

3 7 9 16 17 18 29 31 
9 16 3 29 18 
4 14 3 5 8 
3 0

1 2 3 11 13 16 17 28 
11 28 2 1 3 
10 6 11 5 15 
2 0

4 9 11 14 15 16 23 30 
15 16 30 23 11 
13 10 7 12 5 
2 2

7 9 14 15 17 18 19 26 
14 26 17 18 19 
11 3 1 4 14 
2 3

5 8 9 12 15 18 21 27 
15 5 27 8 18 
9 13 12 8 11 
2 1

3 4 5 7 8 11 17 18 
3 11 7 8 18 
2 12 1 14 8 
5 0

1 7 13 16 22 26 27 30 
16 30 13 22 1 
5 1 3 12 14 
2 1

7 11 16 24 25 26 27 30 
27 25 11 16 26 
1 6 3 8 2 
2 0

4 8 10 12 14 24 26 29 
24 10 12 26 8 
2 13 10 7 4 
2 2

5 10 16 20 23 24 26 30 
10 16 26 5 24 
12 1 7 11 4 
4 0

5 9 10 12 15 22 24 25 
12 15 25 10 9 
11 15 3 4 1 
2 3

1 3 5 8 11 12 14 20 
14 12 5 8 3 
6 10 4 15 2 
2 1

6 9 13 17 22 24 26 30 
9 6 13 22 26 
12 1 15 2 13 
3 2

14 15 20 23 25 28 29 30 
20 23 29 30 28 
3 14 10 11 2 
3 2

1 5 16 18 20 21 24 25 
1 20 16 5 25 
2 4 5 10 15 
2 2

3 4 8 13 23 25 26 28 
23 28 4 8 13 
2 9 1 14 12 
2 2

12 14 17 20 21 24 25 26 
24 25 12 20 14 
15 9 1 3 2 
3 0

3 6 11 18 20 21 27 29 
11 27 21 20 3 
4 1 2 9 14 
2 2

7 12 18 20 23 24 25 30 
24 20 12 7 25 
12 2 10 4 3 
2 0

9 13 14 17 18 23 27 30 
14 9 18 13 17 
15 5 9 4 2 
2 1

1 6 11 15 16 22 25 27 
6 16 27 25 15 
4 8 7 12 3 
2 3

6 7 12 17 23 24 26 27 
12 23 27 26 24 
6 5 7 11 9 
2 1

1 8 13 16 18 22 23 26 
16 18 13 8 23 
14 15 5 11 6 
3 0

5 8 12 13 16 21 24 28 
13 24 8 16 28 
11 15 3 14 1 
2 2

2 5 8 11 19 21 27 28 
11 27 28 8 2 
2 4 9 10 8 
4 0

3 5 6 7 16 21 22 31 
7 31 22 3 6 
11 12 9 3 7 
2 0

3 4 7 14 21 24 27 28 
24 14 28 21 27 
12 6 2 1 5 
3 0

2 3 9 13 14 18 23 28 
23 3 2 14 9 
11 1 12 15 3 
3 1

6 8 15 17 19 27 29 30 
27 15 30 8 17 
4 3 2 7 9 
3 1

10 12 13 16 17 26 27 29 
12 10 13 16 26 
6 3 10 14 11 
5 0

5 16 19 23 24 25 26 31 
23 25 16 5 26 
15 11 10 5 2 
2 2

4 6 12 13 17 18 19 28 
17 6 12 28 4 
14 5 10 11 2 
3 2

7 8 12 17 18 23 26 30 
18 30 8 12 26 
4 5 11 12 15 
2 0

1 3 6 20 22 23 24 27 
23 1 24 27 20 
9 12 2 4 8 
3 1

2 5 12 13 16 20 27 30 
20 16 12 27 5 
5 15 1 13 11 
2 1

3 6 8 9 10 13 14 23 
14 3 23 13 6 
9 5 2 8 3 
2 2

4 6 13 22 23 25 27 29 
29 4 22 13 25 
10 12 13 7 6 
2 3

3 4 5 17 19 20 24 25 
19 25 24 20 4 
13 8 10 6 12 
2 2

5 6 7 8 11 22 25 28 
28 22 8 25 11 
10 4 15 7 6 
2 2

5 7 15 16 18 25 29 30 
7 25 30 18 29 
12 9 6 14 1 
2 1

3 9 10 12 13 14 18 25 
10 18 9 12 3 
11 2 6 8 4 
2 0

4 10 12 13 24 28 30 31 
13 12 10 28 31 
2 7 3 5 10 
2 3

1 3 9 22 26 29 30 31 
30 26 29 31 22 
5 9 7 14 4 
3 2

4 9 15 17 21 23 27 31 
17 21 4 23 27 
15 7 11 4 2 
3 1

2 3 14 19 20 21 28 31 
2 20 14 28 31 
8 2 1 3 10 
5 0

6 9 12 15 20 25 26 29 
20 29 12 25 9 
6 7 3 2 1 
3 2

1 2 7 9 15 17 20 25 
20 15 9 1 17 
6 2 3 14 11 
2 2

3 12 16 17 21 22 26 28 
21 16 17 22 3 
7 13 15 10 11 
2 3

9 11 12 14 21 27 28 30 
28 30 14 9 21 
7 14 5 12 4 
3 2

1 7 10 20 21 23 24 28 
24 20 7 21 10 
9 10 6 13 2 
5 0

3 5 6 8 14 15 18 19 
6 19 14 3 15 
13 6 7 15 1 
2 3

2 5 6 10 14 19 20 21 
14 2 19 21 5 
8 14 6 4 5 
4 0

2 5 9 11 20 26 30 31 
9 2 11 31 20 
6 11 13 10 4 
3 1

5 9 10 12 15 19 21 23 
23 12 9 5 10 
14 11 2 9 1 
2 3

2 4 8 10 14 16 25 30 
4 16 30 8 2 
2 15 3 8 14 
4 0

1 2 6 7 10 11 23 30 
7 10 23 1 6 
6 1 10 8 11 
2 2

3 5 6 11 14 19 25 30 
3 5 30 6 14 
10 15 1 5 8 
3 1

13 15 16 19 20 21 25 28 
20 13 19 25 28 
13 9 4 6 8 
2 0

7 12 17 18 20 23 24 26 
18 7 20 17 24 
11 15 5 8 13 
4 0

4 13 14 19 24 26 28 30 
28 14 30 4 26 
2 3 11 5 13 
3 1

1 4 6 16 18 25 26 28 
28 6 1 26 25 
5 13 10 12 7 
3 2

3 8 16 18 23 27 28 30 
18 3 16 23 27 
6 4 1 9 7 
2 2

4 10 12 17 20 23 29 30 
10 23 29 12 4 
4 6 10 1 2 
3 2

4 5 10 12 24 26 28 31 
28 4 26 12 31 
8 12 7 2 15 
2 0

11 12 13 15 16 24 28 30 
16 30 12 24 15 
9 4 12 2 3 
3 0

3 8 9 10 15 25 27 31 
31 8 25 10 15 
1 3 4 2 14 
5 0

7 8 13 17 19 24 26 31 
24 7 13 19 31 
4 5 13 11 14 
3 0

4 5 11 21 22 26 28 29 
29 4 28 11 21 
12 15 14 1 7 
2 0

2 4 8 9 10 14 18 23 
14 10 18 9 8 
6 14 15 2 8 
5 0

