1000

6 8 9 13 18 26 28 30
9 30 6 13 18
13 1 10 6 12
0 4

1 3 18 27 28 29 30 31
29 28 1 30 27
6 7 9 8 4
0 4

8 14 20 21 22 24 25 30
8 30 14 24 20
6 5 15 12 4
1 3

6 11 14 15 16 21 26 27
27 6 11 15 26
15 5 4 11 8
1 3

2 4 6 10 13 19 23 24
13 6 24 2 19
13 3 7 15 9
1 3

2 5 6 11 13 19 22 26
26 6 11 2 5
11 10 13 4 9
2 2

5 6 14 16 20 23 24 28
14 20 6 16 23
15 12 8 13 9
1 2

4 5 11 12 16 18 25 28
4 5 18 25 28
2 15 9 10 13
1 3

3 6 7 8 9 12 22 31
22 31 8 7 6
11 1 3 8 10
1 4

7 8 20 21 22 25 29 31
20 29 21 25 22
15 7 4 8 10
0 4

11 14 19 23 24 26 27 31
24 11 14 26 19
11 1 8 15 9
1 2

2 4 10 12 13 16 24 26
4 10 26 24 16
9 1 4 6 7
2 2

1 2 9 12 14 24 25 26
25 1 14 12 24
7 12 4 15 14
2 3

5 6 7 8 11 15 22 30
30 5 7 11 6
11 1 15 13 7
2 0

6 9 12 13 18 19 20 29
20 13 18 12 6
13 14 3 8 2
0 2

1 3 4 12 21 24 27 30
27 1 30 24 3
10 3 5 15 12
1 3

4 10 11 19 23 25 29 30
4 10 11 30 29
5 7 9 1 2
2 1

1 7 11 14 20 22 23 25
23 20 7 1 14
13 8 3 6 11
1 1

4 6 7 8 10 11 15 16
7 16 10 11 4
7 12 10 14 3
3 0

2 3 4 7 10 11 19 21
10 3 7 2 19
15 12 3 2 10
2 1

6 11 20 22 23 25 26 28
20 26 6 11 25
10 9 5 4 6
1 2

11 14 15 17 19 27 28 29
19 14 17 28 15
2 11 14 8 12
4 0

4 8 12 15 22 27 28 30
27 12 8 4 28
4 5 1 8 7
0 4

3 15 18 22 23 24 27 30
27 23 15 24 18
1 11 2 8 10
0 4

5 7 9 13 20 24 30 31
7 9 31 20 5
8 14 3 12 4
3 1

12 16 18 19 20 24 26 29
12 18 20 26 16
11 12 14 4 7
2 1

5 6 11 23 26 27 28 30
26 23 5 6 11
6 9 2 13 4
0 3

2 3 8 11 12 16 17 21
3 12 8 11 21
10 9 5 8 1
2 0

1 6 8 10 11 18 22 23
10 1 8 18 6
1 12 10 11 15
2 1

2 7 9 16 19 20 25 30
16 2 25 20 7
11 7 3 1 9
3 2

1 4 5 7 11 12 18 20
12 20 1 7 5
2 7 5 1 8
1 3

2 7 12 15 20 25 27 29
25 7 20 29 27
3 13 1 6 4
2 3

1 4 8 10 17 19 28 31
4 31 1 8 28
15 8 11 5 12
0 2

1 3 8 13 16 18 26 30
16 8 13 26 18
6 15 4 14 10
2 3

3 8 11 17 20 23 24 26
26 3 24 23 11
8 9 6 2 5
2 3

1 2 3 13 15 18 22 23
15 13 3 2 1
8 10 1 4 7
2 3

8 10 15 16 18 19 24 27
19 24 15 27 16
10 14 15 7 1
1 2

1 2 5 9 12 15 18 26
2 26 9 18 15
9 3 1 10 5
1 3

3 7 8 12 16 17 25 27
17 7 3 27 16
10 5 11 2 13
3 1

4 6 8 9 19 23 25 30
25 6 19 23 9
6 2 13 8 7
2 2

1 2 4 8 11 15 25 29
8 15 4 25 11
7 2 3 5 10
3 1

2 7 15 16 22 23 26 31
31 26 22 2 7
6 4 8 7 3
0 4

3 4 7 10 11 15 19 31
11 31 4 10 15
14 6 1 15 10
0 4

1 3 13 15 23 25 29 31
13 1 31 29 23
15 1 12 13 8
1 2

6 9 12 13 15 20 24 30
6 30 15 13 9
6 4 1 5 7
3 1

3 11 14 16 19 25 28 31
16 11 28 25 3
7 4 11 9 1
1 2

12 13 22 23 24 25 27 30
13 30 22 12 23
14 15 9 10 13
1 3

3 4 5 11 12 14 16 30
11 16 3 5 14
8 9 1 2 5
0 2

1 12 18 19 23 26 29 30
19 29 26 23 12
7 5 3 14 4
2 0

10 14 16 20 25 26 27 29
29 25 20 14 26
15 14 4 1 3
3 0

3 8 10 14 16 18 23 25
25 10 8 14 23
9 8 10 6 13
0 5

1 3 4 9 11 13 18 30
9 4 13 3 1
15 3 8 9 7
1 3

1 2 5 10 12 14 20 30
20 5 10 14 12
12 3 9 4 10
2 0

3 4 7 8 15 20 23 26
4 20 26 23 8
4 7 5 9 3
1 4

3 4 8 10 12 16 20 27
12 3 4 27 10
6 4 14 13 1
0 3

2 4 6 13 14 21 25 30
6 2 21 4 13
1 12 14 9 8
3 2

2 4 13 18 19 26 27 30
13 18 27 30 19
11 1 7 10 2
2 3

2 6 14 17 22 23 26 28
14 26 17 6 23
7 15 12 6 13
3 2

13 16 17 19 22 28 29 31
16 19 22 31 13
12 5 8 11 1
2 3

3 8 13 14 18 24 25 26
3 26 24 18 13
12 7 13 3 1
2 3

2 8 13 14 15 16 21 24
21 16 15 8 13
12 6 2 10 11
2 1

3 9 10 12 15 16 18 26
16 18 26 3 9
12 8 15 3 6
2 2

2 3 5 9 17 23 25 29
25 3 17 2 5
15 2 6 1 4
0 5

1 4 8 10 13 21 22 28
10 22 8 1 28
2 13 5 9 15
2 1

2 3 9 10 12 13 18 30
13 9 3 10 12
7 12 3 2 13
1 2

6 11 16 19 21 22 24 25
21 16 24 11 6
10 9 15 13 12
2 3

16 23 24 25 26 27 30 31
24 30 16 25 26
12 14 15 7 10
2 3

3 4 6 8 13 14 19 26
14 4 19 26 3
3 5 8 9 11
2 2

3 8 13 14 15 16 24 31
16 13 14 15 24
14 4 15 3 13
1 1

2 5 10 14 18 22 24 31
10 22 24 31 18
2 6 10 14 5
1 4

5 10 11 14 15 16 21 25
21 15 5 11 14
3 14 1 2 5
2 0

7 14 17 18 24 26 29 31
18 17 29 14 24
5 1 15 3 11
3 1

2 6 13 14 15 19 24 29
6 24 19 14 2
8 10 1 12 5
0 3

3 10 13 16 20 26 28 31
10 20 26 31 16
3 15 5 14 10
3 0

9 11 12 13 16 18 21 22
9 21 22 13 11
2 3 14 4 1
2 3

1 9 16 17 19 20 21 28
17 16 9 20 1
7 6 4 3 1
3 2

2 6 7 8 10 14 24 28
14 24 28 10 6
13 14 5 3 9
1 3

3 4 7 8 12 13 14 26
4 3 13 26 8
1 9 3 15 2
3 0

1 2 8 13 19 20 21 30
13 21 1 19 2
15 8 6 2 1
0 3

4 5 14 16 17 19 25 29
29 19 16 17 4
8 4 3 13 10
3 0

6 8 10 11 12 21 26 31
8 11 31 26 21
4 15 11 5 3
2 3

2 4 12 13 14 23 25 27
27 13 25 12 2
1 3 9 8 12
1 3

2 5 6 9 20 21 24 31
21 6 9 20 31
13 3 12 5 14
1 2

6 16 17 18 19 24 29 30
17 30 16 24 18
2 5 6 15 12
2 1

2 16 17 19 20 21 25 28
20 25 16 2 17
6 10 7 15 1
3 1

2 7 10 20 23 24 25 28
20 7 24 10 25
5 7 6 15 13
0 2

8 12 16 19 26 27 29 31
12 19 16 27 31
1 9 13 11 10
1 4

8 11 13 14 17 19 24 31
31 19 13 24 8
4 8 3 14 1
1 2

6 8 13 14 23 24 27 31
13 24 31 23 6
11 6 13 14 7
1 4

1 9 13 16 17 22 25 27
17 9 25 1 13
6 2 13 12 4
2 2

5 6 14 16 18 25 26 30
5 16 6 25 14
4 3 11 7 5
1 2

1 3 4 5 16 18 19 22
16 22 1 3 5
12 7 10 4 11
1 4

1 4 8 12 14 23 25 28
1 4 28 14 25
9 4 8 11 15
1 4

3 6 7 9 19 23 24 26
24 3 26 9 23
12 5 14 4 11
1 3

6 8 13 21 22 24 27 31
21 8 24 31 6
8 5 10 4 2
1 2

3 8 12 13 21 22 23 31
23 21 13 8 22
2 4 3 1 15
1 2

12 16 18 19 20 24 28 31
20 16 19 31 12
14 9 8 13 1
2 1

1 5 11 13 15 21 28 30
13 1 15 11 30
12 3 5 1 9
1 3

5 8 9 10 12 24 27 29
8 10 27 24 12
11 1 2 3 8
0 2

4 10 22 24 27 28 29 31
10 27 4 29 28
6 1 4 9 8
1 2

5 7 8 9 14 25 26 28
7 8 25 9 26
5 9 8 11 14
1 4

3 4 11 13 15 21 24 30
4 15 24 13 21
6 14 11 12 4
2 2

1 2 6 10 18 21 25 29
10 18 2 21 29
6 13 11 15 10
3 2

1 6 8 13 15 19 25 27
13 19 6 15 8
12 2 15 9 11
2 3

3 5 10 15 17 19 27 29
5 29 10 19 3
2 11 8 9 10
1 1

2 7 8 16 18 26 28 30
8 30 16 18 7
2 13 5 4 9
1 1

6 11 12 16 19 21 22 23
23 21 22 16 6
5 10 3 9 6
3 1

8 14 17 19 22 25 26 28
19 14 17 28 8
2 13 4 6 12
3 1

6 8 14 21 23 27 29 30
23 27 30 21 14
4 2 6 5 7
0 4

1 5 6 14 15 21 23 25
1 5 25 23 15
1 12 5 7 6
2 3

2 9 13 19 23 26 27 28
23 13 27 28 9
7 3 1 12 8
2 3

8 17 18 20 21 22 27 28
22 28 27 21 8
6 10 15 8 9
1 2

1 2 3 5 12 16 21 24
3 2 12 16 1
13 5 9 4 2
1 2

1 3 4 11 19 20 27 29
4 3 1 11 20
12 3 4 13 11
0 2

1 4 8 16 20 24 26 31
8 4 16 20 1
9 13 6 4 2
0 2

3 5 8 10 12 17 27 29
12 10 3 5 8
3 11 2 7 6
1 4

2 9 13 15 17 20 23 26
2 15 17 23 20
8 4 1 13 6
0 3

2 7 8 19 24 26 28 31
8 28 7 26 19
2 3 1 12 9
1 2

11 12 13 14 19 26 28 29
11 29 12 13 28
6 7 4 11 14
3 1

3 4 5 6 7 10 12 31
4 10 5 31 7
15 1 6 4 12
1 2

2 4 7 14 16 21 25 26
4 14 26 25 2
5 7 10 9 14
2 1

2 3 4 17 20 22 24 28
17 3 28 20 24
1 13 6 8 4
2 2

4 5 7 8 11 12 14 17
8 5 12 17 4
12 3 7 11 10
1 1

14 17 20 21 23 24 25 31
17 23 25 14 24
15 1 7 9 5
1 3

3 7 12 15 17 22 27 29
17 22 7 15 3
15 4 13 5 12
2 3

3 4 8 12 15 22 29 30
8 3 22 29 15
7 4 3 1 10
3 2

4 6 17 23 24 27 28 29
4 6 23 27 17
13 10 6 3 9
3 1

4 6 12 14 16 21 22 23
6 21 23 22 12
8 7 2 1 12
3 1

4 9 15 17 25 26 29 31
15 26 4 17 9
14 10 6 7 11
2 3

1 5 14 21 23 24 25 26
25 1 14 23 5
11 8 2 5 10
2 2

1 3 15 16 18 25 29 30
25 1 15 3 16
2 13 14 8 15
2 0

4 6 8 13 17 19 21 29
17 8 13 19 4
5 8 10 13 11
2 3

6 7 10 11 17 21 23 26
23 26 7 11 6
9 15 2 1 12
2 2

3 7 11 12 21 25 28 31
11 31 28 12 7
4 3 14 15 13
0 2

5 8 10 14 20 22 30 31
10 14 20 22 30
12 8 3 2 6
0 4

4 6 14 16 20 23 27 30
20 27 23 16 14
1 5 12 4 6
2 3

10 12 13 15 16 20 21 26
16 21 15 12 20
4 7 6 11 1
2 0

1 14 15 16 20 22 28 30
14 30 28 15 1
2 8 15 14 10
1 2

5 6 8 9 17 18 23 26
26 8 23 18 5
5 12 11 8 4
2 3

4 6 7 10 14 17 26 31
6 31 10 26 17
6 11 12 7 14
1 3

9 11 12 19 21 22 25 31
19 31 12 21 25
7 5 2 4 3
3 2

1 5 15 20 21 22 23 28
5 22 28 1 23
8 1 13 15 3
2 3

17 18 19 20 27 29 30 31
19 27 18 17 31
5 13 7 12 9
3 1

12 18 20 24 26 27 28 29
26 28 24 12 18
9 8 13 4 15
2 3

10 11 12 15 19 20 28 30
10 12 15 11 20
1 11 4 12 13
2 3

2 4 7 14 25 26 27 31
4 14 2 27 31
12 1 10 2 8
3 1

9 13 20 22 25 26 29 30
29 30 13 20 26
3 12 10 11 13
2 3

3 5 11 15 18 19 20 26
18 19 20 11 15
1 2 3 5 13
2 2

4 5 8 12 15 16 20 22
16 15 20 12 8
2 4 7 13 12
2 2

2 6 15 16 20 21 25 30
25 15 21 2 6
13 4 14 5 10
1 2

10 18 19 22 27 28 29 31
31 22 29 10 27
11 13 12 6 10
1 2

8 16 18 20 23 24 25 26
16 23 26 8 18
15 3 7 4 1
1 4

4 9 10 14 19 24 26 30
9 26 19 24 30
7 11 14 10 13
1 3

1 2 3 5 6 11 14 15
2 5 1 14 11
14 8 11 10 9
1 3

3 5 12 13 14 19 28 31
3 28 13 14 12
6 14 9 13 3
1 2

5 6 8 11 17 18 21 22
11 8 18 5 6
4 14 11 1 9
3 2

1 2 3 5 8 19 25 26
5 3 25 1 8
3 7 5 10 8
0 3

1 7 13 16 18 20 22 24
1 7 13 20 16
3 8 15 4 2
1 1

2 6 7 15 18 20 24 28
18 6 24 20 2
5 15 11 1 13
0 3

1 2 4 8 22 24 28 30
30 2 8 4 24
13 10 14 15 2
1 4

1 13 17 21 26 27 28 30
1 26 13 21 30
1 8 2 12 4
1 3

1 7 8 9 17 19 27 31
27 31 19 17 8
3 12 5 10 14
3 0

2 6 13 16 18 21 23 31
6 2 13 16 23
2 1 3 12 10
2 1

9 14 17 19 24 25 26 28
9 17 24 14 19
2 12 15 3 1
2 1

2 4 17 18 19 22 27 31
4 27 18 31 22
1 10 12 11 14
2 2

9 16 18 22 26 27 28 30
26 28 22 27 30
12 15 1 14 2
1 3

5 7 8 9 11 21 23 27
8 9 23 5 7
4 15 9 14 5
2 1

9 11 12 13 17 23 24 25
23 11 25 13 9
7 2 12 14 1
3 1

5 7 8 10 11 17 21 23
17 5 7 10 23
12 6 1 14 15
0 4

5 9 10 11 13 19 20 22
20 11 9 5 10
12 8 11 9 7
1 1

4 6 9 12 13 16 17 20
4 9 17 12 6
4 2 5 11 10
3 0

1 8 9 18 20 23 28 29
28 8 29 23 20
13 6 7 10 9
3 2

4 15 19 20 22 24 26 28
19 28 4 20 15
7 5 1 8 3
3 1

8 9 11 12 14 15 22 23
12 22 8 9 15
4 1 8 7 13
1 4

2 5 11 15 19 20 22 27
19 22 11 27 5
9 1 4 8 13
1 1

2 5 6 10 13 22 26 28
13 26 2 28 10
3 9 1 15 12
1 3

2 3 11 17 20 24 25 27
17 11 20 24 2
1 8 5 10 15
3 1

4 10 11 12 14 17 22 31
31 10 11 14 12
6 2 4 8 15
2 0

2 5 8 14 25 26 27 29
26 5 8 14 25
3 2 14 11 7
1 1

2 3 13 15 16 18 23 30
23 3 15 13 16
15 11 10 7 13
3 1

5 16 17 18 19 20 26 29
17 20 26 16 19
15 14 5 9 12
1 4

4 8 13 17 21 24 26 27
21 13 17 26 24
4 13 3 15 5
2 3

1 2 5 6 8 20 24 28
6 28 20 8 2
6 8 4 2 3
1 3

4 13 14 15 19 22 28 30
13 15 4 22 28
8 7 6 4 11
3 2

2 7 11 17 20 21 22 25
17 22 21 11 2
11 13 4 1 5
2 1

2 7 11 13 19 23 29 30
30 2 11 7 23
13 3 8 4 12
2 1

3 6 14 15 17 18 22 31
3 15 31 17 6
2 3 14 9 15
2 0

6 10 13 15 16 22 25 31
16 10 15 31 22
10 3 9 1 12
1 4

1 7 8 9 10 11 16 21
1 9 10 8 11
12 4 6 2 1
0 5

3 15 21 22 23 26 28 29
26 3 22 29 23
9 15 13 12 4
1 3

1 4 17 21 23 25 28 31
21 17 23 1 25
14 5 4 9 11
0 5

8 10 12 14 15 21 26 29
21 14 12 26 15
11 9 2 10 4
3 2

1 2 8 9 12 14 23 25
23 8 9 14 25
4 14 7 11 10
1 3

1 6 13 22 24 26 27 29
6 22 29 26 1
5 15 7 9 4
2 2

4 8 10 19 21 26 27 28
26 4 21 19 28
7 3 9 11 15
2 2

3 5 13 15 19 27 28 29
3 29 15 13 19
6 9 8 14 2
0 5

1 4 7 10 18 21 24 28
1 10 4 18 24
10 9 12 13 2
1 4

2 6 9 10 12 15 16 30
12 2 16 15 30
3 12 7 4 9
1 3

11 14 16 18 22 25 27 30
11 22 16 14 18
2 11 3 4 12
1 3

12 14 19 23 24 27 28 30
23 24 27 19 30
9 14 10 6 12
3 2

1 8 9 10 11 14 18 20
9 10 8 18 14
4 8 3 2 13
1 4

2 16 17 18 19 20 21 26
2 17 19 26 18
2 6 9 11 8
2 2

4 9 10 11 14 17 18 19
9 10 17 11 18
12 1 15 7 4
2 3

1 3 8 13 17 23 27 29
27 13 1 17 3
1 13 12 11 10
2 1

3 8 11 19 21 25 26 27
11 19 26 8 27
1 5 8 13 10
3 0

14 19 22 25 27 28 29 31
29 22 19 27 14
2 15 10 4 5
2 3

5 6 7 12 13 14 17 25
17 25 13 6 14
4 13 8 12 15
1 2

4 5 10 12 15 23 24 27
4 10 27 5 23
5 4 7 2 14
1 2

1 4 5 6 9 10 11 13
11 4 9 1 10
14 7 2 15 10
0 5

1 6 8 10 18 19 22 27
22 18 6 8 19
14 15 4 5 10
1 2

2 3 11 14 18 20 26 29
14 29 2 20 18
7 1 9 2 12
3 0

9 10 12 14 16 21 27 29
14 27 9 21 16
2 8 11 12 5
1 4

5 7 10 13 16 17 20 26
7 16 20 17 13
8 9 14 15 10
2 3

1 4 6 7 8 11 22 29
1 8 6 29 7
7 1 10 14 4
1 3

3 8 9 11 14 20 28 31
3 11 8 31 9
1 14 6 8 3
3 1

6 7 10 12 15 18 19 23
7 15 10 6 18
4 11 1 5 15
2 3

1 2 5 6 8 15 16 21
8 6 2 5 15
4 8 7 10 13
3 2

3 4 7 11 13 16 19 26
26 13 4 19 3
2 3 14 6 15
0 4

3 5 17 20 21 26 29 31
26 21 17 3 31
6 10 4 3 8
2 2

4 6 7 10 14 22 26 28
4 6 26 10 22
10 8 14 9 5
2 2

6 10 18 19 20 22 28 29
29 19 18 22 20
5 3 14 13 4
2 3

2 4 6 11 12 16 19 23
19 2 4 11 6
15 3 1 5 7
2 3

3 4 5 7 20 24 27 31
7 27 4 31 3
7 12 3 4 9
0 4

2 3 18 19 20 29 30 31
19 30 31 29 3
8 4 9 7 3
1 4

3 6 10 15 18 22 25 28
22 15 10 28 6
7 5 3 11 13
2 1

2 4 8 15 20 23 26 31
8 2 20 23 31
15 7 12 2 3
1 1

2 3 7 9 11 13 18 19
7 9 13 11 3
5 2 8 11 3
3 2

16 19 20 21 26 28 30 31
21 26 20 31 19
14 7 2 11 1
2 2

1 5 15 17 21 22 23 27
17 27 5 15 21
14 11 1 10 7
2 1

4 5 12 17 18 19 20 22
4 18 12 19 22
3 14 2 6 9
1 3

5 11 13 15 20 21 22 29
11 20 13 15 5
14 5 11 2 7
2 3

2 4 5 11 19 21 27 31
11 2 5 19 4
8 13 7 2 6
2 1

4 6 8 11 13 26 27 28
13 27 28 11 6
7 14 12 10 3
2 2

6 8 12 13 15 22 27 30
6 13 30 22 12
4 13 12 6 7
2 2

1 8 20 21 26 27 28 31
27 21 8 31 28
9 7 14 11 10
1 2

2 5 10 13 17 19 23 27
23 27 5 10 17
13 4 5 15 11
0 4

3 7 12 21 23 24 27 29
12 27 7 21 23
10 9 7 12 2
1 4

2 5 9 15 21 22 25 28
9 25 15 28 5
12 13 15 14 6
1 2

3 7 11 15 19 20 28 30
30 19 20 28 7
8 9 4 6 1
2 3

1 9 13 15 20 21 27 31
20 13 15 27 1
10 6 12 5 7
2 1

3 5 8 11 14 23 27 31
5 8 3 27 23
7 5 12 9 10
2 1

9 15 18 20 21 24 25 29
9 15 18 21 25
3 4 6 15 12
2 0

7 8 12 20 22 23 24 25
22 8 12 23 24
14 3 10 7 4
0 3

1 7 8 12 13 14 17 23
7 13 17 8 23
15 2 13 9 5
0 2

3 4 6 9 14 24 29 30
3 4 29 14 30
15 7 10 9 4
0 2

1 5 8 10 12 17 23 26
10 5 17 8 23
12 6 3 9 8
2 1

1 5 8 12 18 22 23 30
23 18 8 22 12
13 2 8 6 12
2 3

2 6 10 18 25 27 28 29
2 10 18 25 27
2 1 12 7 13
0 4

2 6 8 9 10 15 25 27
2 27 25 9 10
2 4 7 6 14
1 4

1 9 10 13 21 24 25 26
21 25 9 1 26
7 2 10 14 6
0 5

5 9 13 17 18 25 28 30
25 18 28 5 17
8 13 5 11 12
2 1

7 12 17 19 20 22 23 28
7 12 28 19 17
10 15 11 5 14
2 1

1 3 7 17 21 22 23 25
25 1 7 3 23
7 10 6 13 12
1 2

8 9 13 19 20 21 29 30
21 13 29 20 30
10 5 3 4 9
0 4

1 9 11 13 15 18 27 28
13 11 15 1 9
12 5 1 13 9
0 4

2 4 5 8 12 24 30 31
12 24 5 30 4
6 12 7 2 13
3 1

1 3 5 7 14 16 22 27
7 1 3 22 14
12 5 4 1 15
2 3

3 13 20 21 22 27 28 29
13 22 3 20 21
8 5 2 6 4
1 3

5 6 12 14 17 21 26 29
21 14 17 5 12
2 9 15 1 7
2 2

1 8 10 12 14 15 16 23
12 10 23 15 1
6 11 14 10 2
0 4

3 9 11 13 21 23 25 27
13 23 27 25 21
6 13 7 10 15
2 3

5 7 8 11 13 16 17 29
5 17 16 7 29
13 4 6 3 8
0 4

2 7 12 15 24 26 27 29
24 15 26 29 12
4 6 7 14 12
1 4

4 8 17 18 20 21 22 23
8 22 18 21 23
1 4 13 6 8
0 4

4 9 10 17 18 20 28 31
31 20 10 18 17
1 2 14 9 13
3 0

1 6 7 11 13 16 20 22
6 1 7 11 16
6 4 14 1 12
2 1

1 2 16 17 25 26 27 29
29 16 2 17 26
1 10 8 4 6
0 3

5 6 10 11 12 13 22 26
10 6 11 22 12
14 9 15 11 3
2 3

1 9 10 12 13 21 25 28
25 13 1 12 21
6 15 8 2 5
1 2

1 2 4 5 6 7 10 20
6 2 10 4 5
13 2 5 14 9
1 3

5 6 9 10 11 19 24 30
19 10 30 24 5
10 1 6 9 8
1 3

9 15 18 19 20 23 24 29
9 29 23 20 15
6 10 7 12 4
1 3

1 9 11 13 24 25 26 28
13 11 1 24 9
6 5 14 9 7
2 2

4 6 14 22 26 28 29 31
22 26 4 14 6
1 9 3 5 7
1 2

1 10 19 24 27 28 30 31
24 31 30 28 1
10 4 14 8 3
0 3

8 13 15 16 17 18 22 24
22 15 13 8 18
2 9 1 14 4
0 4

3 6 8 21 22 24 26 28
6 28 3 26 8
8 14 10 11 2
1 2

4 6 8 10 12 14 26 31
10 12 4 26 8
14 7 4 15 3
2 1

3 9 10 13 14 17 20 21
20 21 14 17 10
5 6 9 10 2
2 3

8 10 11 16 20 23 24 28
16 11 10 23 24
11 6 5 15 12
3 1

8 10 12 14 16 21 26 27
21 16 8 10 14
4 2 10 5 3
0 2

3 5 7 10 11 12 13 29
29 3 12 7 5
13 3 8 14 2
0 2

3 4 16 19 24 25 27 29
29 25 4 3 19
1 5 4 12 8
0 4

2 7 12 18 22 27 28 29
27 29 12 7 22
6 10 9 2 15
3 2

2 7 9 10 11 15 20 25
7 11 9 2 10
5 9 8 2 3
2 2

5 9 18 19 20 27 30 31
27 19 18 9 20
8 11 13 12 10
0 5

5 8 15 16 17 21 22 30
21 8 16 15 17
2 12 10 6 13
1 3

8 9 12 20 21 25 28 30
8 9 30 12 28
1 12 4 7 9
0 4

1 2 3 9 16 24 28 31
2 3 24 9 28
6 15 1 12 14
3 0

2 11 12 23 25 27 28 30
30 2 23 28 25
4 5 6 11 7
3 1

4 5 13 18 21 27 29 30
27 4 18 30 29
11 4 10 8 5
1 3

11 12 13 18 23 24 28 30
23 12 18 11 13
14 1 11 7 4
3 2

1 3 6 9 15 21 25 27
3 6 9 27 15
14 3 5 12 4
0 3

5 8 9 13 22 25 28 29
28 8 9 13 5
8 11 7 1 4
1 1

4 8 12 19 23 24 25 26
25 4 26 24 23
6 7 12 14 9
1 3

1 3 8 13 15 17 27 31
13 27 31 17 8
14 15 11 1 7
3 2

2 4 9 10 13 22 25 27
10 2 13 22 9
5 3 1 15 12
2 1

2 5 11 13 17 23 24 26
5 11 2 26 13
1 9 2 11 14
1 2

8 11 16 19 20 23 27 31
19 20 23 31 8
10 4 3 11 7
2 0

1 6 11 12 18 21 22 26
6 12 21 22 11
8 1 5 6 2
1 3

4 12 19 20 24 25 26 31
20 24 25 31 19
9 14 7 4 5
0 3

7 8 14 16 23 24 28 30
14 8 16 7 24
14 4 1 2 15
2 2

4 5 10 15 16 26 28 31
31 15 10 16 28
12 9 15 11 2
1 2

6 7 10 16 17 19 30 31
17 7 19 6 16
11 3 13 6 12
3 0

3 7 15 19 20 24 29 31
19 20 7 31 29
1 9 11 6 15
3 2

11 15 18 20 22 24 25 27
24 22 18 27 11
13 3 2 14 8
1 2

5 8 10 13 15 23 25 28
5 15 25 28 10
5 7 15 6 12
0 5

2 4 5 6 7 11 17 29
7 11 17 4 6
4 2 15 10 7
0 3

3 4 20 23 24 25 26 29
26 25 23 24 4
14 10 1 9 8
2 2

4 8 12 13 15 21 22 30
22 12 30 21 15
14 11 7 9 8
1 3

1 2 7 9 10 15 26 30
15 7 2 10 30
15 10 1 8 7
1 3

5 9 20 26 27 28 29 31
20 26 5 31 29
1 6 15 2 12
0 4

1 3 6 7 14 21 22 31
31 1 3 7 6
1 9 10 15 2
3 0

3 9 12 15 16 18 19 27
12 15 3 18 9
3 13 8 10 6
0 3

1 9 11 16 17 18 21 22
22 9 1 16 18
12 3 1 14 15
3 2

4 7 8 15 16 23 25 26
15 16 8 4 25
2 8 1 5 13
0 4

6 16 20 21 22 26 27 29
22 29 21 6 16
1 13 2 7 12
0 4

7 14 16 18 20 22 24 31
24 31 18 16 7
5 15 7 9 8
3 1

1 12 13 17 18 20 24 25
20 18 24 17 12
4 3 12 1 11
1 2

1 2 8 11 15 18 23 25
18 2 8 25 23
4 5 1 2 15
2 0

3 9 10 14 16 25 26 31
26 25 9 10 14
2 3 6 5 4
2 3

6 8 15 18 20 25 26 31
31 8 25 6 26
10 12 5 7 2
2 3

2 6 7 9 10 18 25 28
10 25 28 6 7
15 13 14 11 12
1 3

4 5 9 10 12 18 21 31
31 5 12 10 21
9 2 4 3 11
3 0

1 5 9 15 17 21 22 24
1 5 9 22 15
14 8 10 13 12
2 1

2 4 8 20 22 25 26 29
26 22 8 29 25
6 3 15 1 14
2 2

4 7 8 16 17 19 20 21
20 4 21 7 19
7 15 2 4 8
1 2

1 6 10 15 16 19 22 27
15 22 6 1 10
1 15 6 13 8
1 3

6 11 15 16 17 23 25 26
6 23 16 25 15
15 8 14 10 7
3 0

2 4 6 7 9 13 15 19
4 7 19 2 6
10 2 5 6 1
1 4

1 3 8 15 18 19 21 29
1 8 19 21 18
12 3 10 7 4
1 1

10 15 16 17 18 21 29 30
29 17 21 10 30
7 6 2 3 13
3 1

7 9 11 13 15 17 19 20
11 13 19 7 17
1 2 4 7 9
2 1

1 2 5 6 9 13 24 28
1 2 28 9 6
5 6 10 2 3
2 1

1 4 5 20 21 23 25 27
27 1 21 23 20
5 13 3 4 7
1 4

3 14 16 19 21 22 23 24
16 22 3 21 24
13 4 2 5 3
0 4

2 3 12 15 17 22 26 28
17 12 22 26 2
12 9 1 5 6
2 3

1 12 16 17 20 21 22 24
12 16 22 1 20
12 8 7 2 3
0 3

3 4 7 14 19 22 25 31
7 19 25 22 14
14 7 15 9 11
1 2

2 7 10 16 17 24 30 31
2 17 31 7 30
9 3 5 11 14
2 3

4 5 8 10 13 15 20 30
15 20 4 8 30
9 15 11 4 2
0 3

8 17 19 20 27 29 30 31
27 8 31 29 30
11 7 13 8 9
2 2

5 12 14 18 21 25 26 31
12 25 31 21 14
2 15 7 13 3
3 0

5 7 9 17 18 25 26 31
7 25 18 5 17
14 11 9 1 13
1 3

1 7 8 9 10 14 15 26
9 14 1 10 7
13 8 9 2 6
2 3

10 11 19 20 21 22 25 27
21 25 11 10 22
10 14 4 8 13
2 2

5 11 13 17 20 21 25 27
17 20 11 27 13
10 6 12 8 4
0 4

1 4 7 9 12 18 24 26
18 26 4 9 7
12 7 14 1 10
1 3

1 3 4 6 8 14 26 29
3 4 14 1 26
12 9 11 14 8
0 3

3 11 14 19 21 23 26 29
21 14 11 23 26
11 4 9 6 10
0 2

2 3 9 12 16 18 23 30
23 30 3 16 18
4 5 9 11 14
3 2

6 10 13 15 17 18 24 28
15 28 24 18 17
6 4 11 9 3
4 0

1 2 3 4 10 14 22 29
2 29 1 22 14
9 14 8 13 5
4 0

4 5 7 13 17 19 25 29
7 4 19 25 13
15 6 10 13 1
1 1

6 11 19 23 25 27 28 30
23 11 27 28 6
4 11 14 15 12
1 3

2 3 4 7 15 16 20 27
27 2 20 16 3
14 5 11 9 4
2 2

3 5 7 14 17 21 24 26
26 17 14 21 7
8 2 13 5 1
0 4

2 6 13 16 20 22 24 30
24 22 2 16 20
3 11 10 9 13
0 5

1 7 12 15 24 27 29 31
1 31 7 29 24
1 12 2 10 14
1 1

8 9 10 12 13 16 23 30
9 30 12 23 8
14 11 13 8 10
3 1

1 9 21 23 24 25 27 29
1 23 25 29 21
9 6 14 8 2
1 1

3 6 7 14 17 22 27 28
17 28 7 6 27
14 8 5 1 9
0 4

6 13 14 20 23 24 26 29
29 23 6 26 24
7 5 1 12 10
1 2

4 6 7 9 12 20 26 27
4 6 7 26 9
8 3 1 10 6
1 1

1 6 8 15 17 24 27 31
15 27 1 8 6
14 6 5 3 13
1 1

1 3 4 6 8 13 18 20
8 6 18 13 4
13 1 6 7 2
2 2

3 7 9 11 12 14 25 30
12 11 7 3 30
8 15 4 12 13
0 4

1 5 7 10 11 16 21 29
10 21 5 16 29
4 1 7 2 3
3 2

5 7 10 13 18 19 20 31
7 13 31 10 19
14 4 8 3 6
0 3

4 10 13 14 15 18 26 28
13 18 4 15 26
9 10 11 4 8
1 3

2 13 14 16 20 23 25 28
13 16 23 14 2
7 8 3 5 15
3 1

4 7 13 14 22 24 27 28
7 28 24 13 22
3 14 12 10 13
0 3

1 2 3 4 6 8 13 20
3 20 4 1 8
6 9 7 10 14
1 4

14 15 21 22 23 27 29 31
27 23 31 22 21
12 14 3 4 10
0 5

1 4 7 23 24 26 28 29
1 26 7 23 4
14 12 7 3 15
1 1

4 5 6 11 23 25 27 29
6 23 25 27 29
13 1 12 7 9
2 2

11 14 17 19 21 22 24 29
17 19 22 29 14
8 12 1 10 2
2 1

4 14 16 18 20 28 29 30
28 4 29 30 16
7 13 9 1 5
0 5

3 6 8 11 15 17 20 21
20 11 15 8 17
9 5 8 13 12
3 1

3 9 15 16 22 23 28 29
3 28 23 15 29
5 8 12 4 6
3 1

3 4 6 8 13 16 17 25
13 16 25 17 6
10 13 5 15 1
3 1

1 4 5 19 21 24 25 26
26 4 1 24 19
9 6 8 7 5
1 1

1 3 5 11 12 16 18 19
3 5 18 1 12
4 6 12 2 8
1 3

1 7 9 12 14 16 18 23
12 7 1 14 16
6 9 15 14 13
1 4

5 9 11 17 25 27 30 31
9 5 25 17 27
13 11 10 12 8
4 0

2 5 11 12 15 17 26 30
26 2 12 5 15
15 7 13 2 8
2 3

5 11 14 18 21 22 24 31
22 21 31 14 18
4 3 10 13 7
2 2

1 7 10 13 16 21 24 25
10 7 21 25 13
11 13 9 2 4
2 0

2 6 11 12 13 17 19 30
30 12 6 17 19
15 8 14 10 1
3 0

1 3 4 5 13 15 18 19
3 13 1 5 18
12 10 1 5 6
0 4

4 6 10 12 13 17 22 28
4 13 10 22 28
10 12 3 9 13
0 4

9 13 15 20 21 23 24 25
25 23 24 9 20
4 9 2 7 12
2 2

1 2 11 17 18 20 22 24
11 17 2 20 24
7 2 4 6 8
2 1

1 2 4 9 26 27 29 30
9 29 26 4 30
11 12 2 14 9
0 4

2 4 10 11 13 23 25 30
13 2 23 11 4
8 10 12 6 15
1 4

3 4 8 20 22 24 26 27
22 27 3 24 4
6 15 13 12 2
1 1

2 4 7 10 16 18 21 29
29 10 2 16 4
2 1 9 6 13
0 3

2 8 15 16 19 23 25 31
15 31 23 25 16
9 5 2 8 1
0 3

4 10 11 13 14 16 19 26
26 16 13 10 4
7 12 11 3 1
1 3

8 9 11 14 16 22 25 31
14 31 9 8 25
7 12 13 11 4
1 2

4 5 10 11 16 19 21 22
11 10 19 22 5
3 9 14 12 4
1 4

8 9 12 14 26 27 29 30
14 9 29 26 12
7 8 10 5 1
2 1

1 4 9 18 23 26 27 28
26 27 4 18 1
9 8 10 6 5
1 1

5 8 11 12 24 25 26 27
24 12 26 11 5
10 1 8 6 2
3 1

4 6 14 19 20 21 23 28
6 20 19 21 4
14 12 5 11 15
2 1

1 2 15 18 19 20 29 30
30 19 20 2 1
12 5 8 1 15
1 4

1 7 8 16 20 22 26 28
28 16 1 22 8
6 5 10 9 15
1 2

1 2 3 5 9 12 24 27
24 5 1 3 12
6 2 12 4 3
0 3

3 11 12 20 22 25 27 31
22 27 31 25 3
9 13 4 7 15
0 3

9 10 12 13 15 16 20 28
9 13 10 16 20
14 11 12 10 7
0 5

2 3 9 16 21 22 26 29
29 3 21 22 26
11 5 3 6 14
2 2

2 4 5 7 13 18 22 31
31 2 7 18 22
2 6 11 12 3
4 0

1 3 8 9 11 14 24 29
9 1 24 3 8
12 13 2 4 10
3 0

1 5 15 22 27 28 29 30
22 29 28 5 27
8 9 5 10 6
1 3

4 6 9 20 22 23 25 29
4 25 29 6 23
10 12 14 1 15
2 2

1 4 8 12 21 22 24 30
21 1 22 30 8
4 15 6 13 3
1 4

1 2 4 10 11 16 19 25
25 19 2 11 4
7 11 5 4 2
1 1

1 8 13 14 15 16 19 21
14 21 16 8 13
9 11 1 3 5
3 2

2 7 10 15 16 23 27 29
2 29 10 15 23
9 6 15 1 11
0 3

3 9 12 14 17 25 26 31
9 26 17 14 12
10 3 1 14 13
2 0

2 4 9 13 17 20 23 31
17 4 13 23 31
4 14 5 6 13
1 2

2 8 12 16 17 18 19 30
8 19 16 12 18
6 9 10 8 1
2 2

5 6 13 22 23 26 29 30
5 22 6 29 13
8 14 13 3 11
3 1

2 8 10 16 19 24 27 31
16 10 27 31 19
15 3 12 8 5
0 2

1 6 11 15 16 18 24 26
1 18 6 11 26
8 11 2 3 4
1 4

1 2 6 11 16 22 26 30
1 11 22 16 6
1 6 4 10 8
1 4

5 7 8 10 12 16 21 23
8 10 7 23 12
9 10 12 1 6
0 2

8 10 14 18 21 23 26 29
10 14 29 8 26
1 3 6 12 9
0 3

4 8 9 14 16 17 28 31
8 4 9 17 14
8 15 2 10 7
1 1

1 5 7 11 15 24 25 26
5 1 11 25 26
5 7 2 9 10
0 5

4 5 15 16 17 18 20 30
5 20 4 16 17
10 8 4 9 5
1 3

4 8 17 21 24 25 26 31
31 26 4 21 8
7 14 15 10 1
1 3

4 5 7 14 21 26 27 29
5 4 26 27 29
14 9 12 7 15
1 4

3 4 12 13 23 25 27 30
27 3 30 23 12
3 15 4 13 5
1 2

1 5 10 13 17 18 20 25
18 10 5 13 1
2 11 12 4 1
2 0

4 5 15 16 22 24 28 31
28 31 22 5 4
11 12 14 7 1
3 2

1 2 8 13 16 18 27 30
1 30 18 13 27
9 3 7 5 11
2 2

1 6 15 17 18 22 23 25
1 23 17 6 22
6 12 4 9 7
1 2

5 6 7 8 14 15 21 22
15 14 22 5 8
14 15 10 3 4
1 2

2 6 8 10 17 20 22 28
6 20 8 17 10
7 13 3 9 4
1 4

3 5 10 17 20 22 25 30
17 22 3 20 30
9 4 11 6 2
0 5

2 4 7 8 10 20 30 31
8 20 10 4 2
12 4 6 10 3
3 2

3 10 12 15 16 20 21 24
16 3 10 20 12
15 8 6 11 10
0 5

18 19 20 21 23 25 26 27
23 25 27 19 26
3 6 8 5 11
0 5

4 5 6 19 22 26 27 29
6 29 19 5 26
15 14 10 5 2
2 3

2 3 8 12 16 22 23 30
30 23 22 12 2
12 4 14 2 13
1 1

10 16 20 22 23 26 29 31
10 23 16 22 20
6 5 3 14 7
4 0

4 5 7 9 10 15 18 19
15 4 10 18 19
2 14 12 1 5
2 1

3 13 16 18 21 28 29 31
21 28 16 13 18
11 9 12 1 10
1 3

5 9 11 13 16 21 23 24
9 16 23 21 11
11 3 6 15 14
1 2

6 10 14 15 17 18 20 21
21 10 15 18 14
1 6 5 2 9
0 5

11 12 15 16 26 27 28 31
15 31 26 12 16
15 10 13 5 12
3 1

3 14 15 17 19 20 24 27
3 20 17 14 15
11 8 7 10 1
1 4

1 5 6 12 18 22 25 31
12 1 6 25 22
1 15 12 14 2
0 4

3 7 12 14 17 18 20 24
17 12 20 7 24
3 2 12 4 6
2 3

2 5 6 7 8 21 26 30
21 7 2 5 8
8 6 13 2 12
0 4

3 7 16 17 20 23 24 29
17 7 24 3 23
6 9 2 5 11
1 2

7 12 14 19 23 27 29 31
12 27 7 19 14
6 7 1 5 13
2 2

3 4 8 14 17 26 27 28
28 8 3 4 14
14 1 9 10 4
2 1

1 5 8 9 16 17 18 19
9 1 19 17 18
2 4 15 7 10
0 4

9 10 18 20 21 22 23 26
21 26 20 10 22
12 14 1 4 7
0 2

4 5 7 9 13 20 21 28
21 5 9 13 28
14 8 4 13 11
0 4

8 10 20 24 25 29 30 31
8 30 25 29 10
4 13 1 11 10
2 1

6 7 9 10 16 17 22 27
16 7 17 6 10
13 10 15 14 9
1 4

2 17 20 22 23 24 26 30
26 30 17 2 24
8 9 7 11 2
2 1

1 2 7 16 17 26 27 31
16 7 17 27 2
1 8 7 12 13
0 2

1 2 4 12 24 26 28 30
12 26 4 2 30
2 4 5 3 6
1 3

7 11 20 24 28 29 30 31
28 7 11 29 30
11 2 9 6 15
2 1

5 14 20 22 24 25 28 30
14 22 28 20 25
7 14 3 8 15
4 0

4 7 12 13 19 20 21 22
22 20 13 21 19
3 6 4 5 1
0 4

1 2 8 14 18 24 25 30
1 8 24 14 2
10 13 14 7 2
0 3

2 7 12 13 17 21 24 31
12 31 2 13 7
13 3 7 10 6
3 1

11 12 18 21 23 25 26 27
21 25 18 27 23
3 14 12 9 13
3 2

2 11 13 15 21 23 24 30
23 2 15 13 21
13 9 5 4 3
2 1

4 6 9 17 18 20 22 23
4 6 23 20 22
10 4 12 11 13
0 3

13 16 18 19 20 22 23 25
20 18 19 25 16
3 6 14 2 8
3 1

4 6 15 18 19 26 30 31
18 30 31 4 15
9 5 15 8 3
1 3

3 4 7 10 11 20 22 27
3 11 7 10 4
8 6 5 15 3
0 4

8 9 10 12 17 24 25 26
9 25 26 24 17
3 8 10 12 5
2 2

8 12 15 19 21 24 25 30
15 24 8 30 19
5 14 12 1 13
0 5

1 4 8 10 15 26 27 29
4 15 26 1 8
7 2 1 11 3
3 1

11 12 14 16 17 20 25 28
14 11 28 20 12
12 1 13 10 14
1 2

1 2 4 5 16 21 24 30
30 4 21 5 1
10 9 4 1 5
2 3

3 8 15 18 21 23 27 29
3 21 18 27 23
2 14 13 15 12
1 3

10 13 16 17 21 22 26 27
22 17 16 13 26
4 1 10 11 8
2 3

3 5 19 23 25 27 28 29
19 25 23 5 27
6 4 3 13 10
2 2

2 5 6 7 11 12 13 28
28 7 11 6 12
9 5 7 3 6
1 2

2 5 9 10 11 27 29 31
9 29 5 10 27
7 8 4 1 9
0 4

1 3 6 12 19 21 25 29
1 21 29 12 19
13 12 14 6 1
0 4

5 7 14 16 20 23 24 26
5 24 20 16 23
8 6 5 7 9
2 2

2 5 7 12 17 18 22 29
5 18 2 17 22
12 9 8 14 6
3 1

4 9 11 13 15 19 21 28
11 13 4 15 19
8 13 11 15 3
2 0

6 11 14 15 16 18 21 31
15 14 11 31 16
11 15 7 5 14
2 1

3 4 15 17 19 25 27 31
4 3 31 19 25
5 10 9 3 6
0 4

7 12 13 20 21 22 23 24
7 23 21 24 13
14 8 2 10 9
2 1

3 5 12 13 14 21 22 23
22 14 3 21 23
11 10 9 12 13
1 3

3 4 5 13 14 16 17 21
13 14 4 3 17
3 7 6 2 10
2 3

3 4 6 16 22 26 28 29
4 3 16 26 22
15 5 11 8 6
1 2

2 3 9 14 23 24 26 27
14 3 24 26 27
13 3 12 8 15
1 3

1 3 8 10 17 19 21 24
24 1 3 21 8
1 7 12 9 11
2 2

5 6 8 10 11 13 21 27
5 8 10 13 6
8 11 13 3 14
2 0

5 9 11 13 14 15 22 24
15 24 9 13 11
10 3 7 9 5
0 5

1 5 13 18 23 25 26 27
26 1 27 18 13
4 10 6 2 1
3 0

1 2 4 11 22 26 27 28
22 11 26 1 4
9 6 3 2 1
2 0

2 4 5 11 13 17 26 27
11 5 2 27 17
6 15 5 7 12
0 4

1 3 8 14 15 24 26 29
24 14 8 26 1
1 11 4 6 2
3 0

4 6 9 10 14 16 18 27
4 16 10 9 18
12 9 14 1 6
0 2

1 2 4 7 11 17 20 25
2 20 17 25 11
10 3 8 7 15
0 5

2 5 7 10 16 22 24 30
5 16 30 10 2
2 7 11 6 12
1 2

4 12 18 22 23 26 28 29
4 12 26 29 28
14 1 5 10 8
1 4

12 14 16 21 23 26 29 30
16 12 29 23 14
3 13 9 2 1
1 3

5 8 9 17 25 27 29 31
8 5 31 17 9
14 3 5 7 12
1 1

2 5 6 7 11 14 21 24
14 5 7 6 24
8 9 6 11 10
2 1

4 9 12 13 18 25 27 29
12 18 29 9 25
13 9 6 12 4
2 2

5 9 11 16 18 26 27 28
16 9 28 27 18
5 8 9 10 7
3 1

7 15 17 18 19 25 26 31
26 17 31 18 19
15 6 11 4 8
2 2

1 5 9 17 23 24 27 28
23 24 5 9 27
5 9 2 1 12
2 2

1 3 16 18 19 27 28 30
19 30 3 28 27
3 7 15 12 13
1 2

9 10 14 17 21 22 25 30
9 10 14 30 22
1 12 8 11 3
2 1

3 4 8 20 21 26 27 30
30 20 4 3 27
7 4 9 15 6
3 2

5 6 8 11 14 20 22 23
8 5 22 14 11
8 4 2 6 14
1 4

4 6 8 21 23 26 29 30
23 8 6 21 4
10 6 11 4 5
2 3

2 3 6 9 14 16 22 25
9 22 2 3 16
3 11 15 9 8
1 2

2 10 11 15 16 20 22 24
2 10 24 22 20
10 9 13 14 15
2 3

3 5 12 19 28 29 30 31
19 28 29 30 5
6 11 5 10 9
2 2

3 7 11 20 22 23 24 30
24 20 30 22 7
2 10 3 14 12
1 2

6 7 18 21 22 23 30 31
7 22 30 18 21
5 8 13 14 9
1 2

1 2 4 13 15 19 20 23
2 19 15 4 13
8 15 12 9 3
1 3

3 14 18 19 21 24 26 29
3 18 26 24 29
5 9 10 1 14
3 1

1 4 19 26 27 28 29 30
28 19 26 27 1
2 4 1 11 12
1 3

2 9 13 14 20 21 25 26
2 13 9 26 21
4 11 5 14 8
1 1

4 6 15 16 18 25 30 31
16 30 15 4 31
2 11 1 6 12
2 2

2 7 16 17 24 26 28 30
2 30 24 17 28
1 11 9 2 13
1 1

1 3 6 14 22 25 26 27
6 3 14 27 25
11 1 14 7 8
0 3

2 3 6 11 17 19 20 28
6 17 19 28 11
12 13 8 5 6
0 4

7 12 17 19 26 29 30 31
30 19 26 31 17
14 6 5 13 2
2 2

5 9 10 11 23 24 25 28
5 25 24 9 23
9 3 5 11 7
1 2

1 3 10 11 12 22 29 31
10 1 31 22 3
12 7 4 14 9
3 1

1 4 9 15 22 25 28 29
1 22 25 28 4
4 12 11 10 5
2 3

2 3 11 12 15 22 23 24
2 24 11 23 12
11 7 13 12 8
0 4

2 5 8 12 14 16 25 30
8 12 16 30 14
6 11 8 7 5
1 2

8 12 14 16 17 19 24 25
12 16 19 17 24
4 8 5 2 6
1 2

1 13 16 20 21 23 27 28
20 16 23 1 28
5 7 8 13 9
1 2

2 13 19 20 21 23 27 30
19 30 13 27 21
3 10 9 15 14
3 2

3 9 11 18 19 22 23 26
23 3 9 19 26
9 10 14 7 12
1 3

2 8 14 19 20 22 25 26
25 2 22 8 19
3 5 4 1 6
1 3

3 4 6 10 14 19 23 30
30 10 3 6 23
2 1 12 3 11
0 3

6 7 22 23 25 26 28 31
23 26 22 7 31
5 1 4 15 12
1 3

7 8 9 11 12 14 16 19
12 14 9 8 19
2 9 7 13 8
0 5

1 2 5 14 19 27 30 31
27 2 14 19 5
11 3 12 14 4
2 2

1 6 7 11 20 23 25 30
7 1 30 11 23
1 15 2 3 5
1 2

5 6 7 9 10 11 27 31
5 6 9 27 7
4 13 9 6 7
1 2

8 10 12 14 16 23 26 29
10 12 23 14 26
1 6 13 3 14
3 0

3 4 10 18 25 29 30 31
31 30 29 3 4
6 5 2 4 1
2 2

2 6 16 20 21 22 24 25
21 2 6 16 24
9 1 12 2 10
0 2

11 14 16 25 27 28 30 31
25 14 30 31 27
4 15 11 12 7
1 4

3 8 11 16 21 26 30 31
3 30 31 16 11
10 12 6 9 8
2 2

5 6 12 13 17 19 25 26
17 5 13 25 12
1 3 10 7 11
2 2

1 4 9 17 18 21 22 31
9 22 18 31 1
11 14 8 9 12
1 4

1 2 3 4 7 15 27 31
15 31 3 2 27
1 13 10 8 11
4 0

2 8 9 11 12 13 21 24
21 2 11 9 13
2 1 4 10 5
2 1

3 12 15 17 24 27 29 30
27 3 24 29 30
7 15 12 13 8
0 4

5 7 16 18 19 22 30 31
16 7 31 19 30
1 4 11 6 3
3 0

4 13 15 16 18 23 24 30
24 30 16 18 23
14 7 3 13 2
1 3

1 2 10 14 19 26 27 31
31 19 2 26 1
5 1 4 10 11
3 2

2 4 5 6 8 12 13 21
21 12 4 8 2
10 5 2 4 9
2 1

4 5 6 15 16 20 23 29
15 6 20 5 4
10 2 12 6 15
0 5

6 11 14 19 21 25 27 31
21 27 31 19 25
4 13 6 7 9
1 4

7 13 19 23 24 28 29 31
24 7 29 23 28
14 9 11 13 8
2 3

9 13 15 16 22 26 27 28
13 28 15 22 26
6 10 4 14 7
3 0

6 9 10 12 16 22 24 27
6 12 24 22 9
11 7 13 9 8
1 2

3 6 14 17 20 21 22 24
20 22 21 17 6
2 14 12 4 8
2 1

3 8 10 12 18 25 26 28
8 18 25 3 12
7 15 12 2 5
0 4

4 5 7 9 14 25 26 28
9 26 4 28 5
4 14 2 7 5
1 2

3 6 11 19 20 24 26 30
26 20 6 3 19
13 15 2 12 6
2 2

2 4 6 10 12 13 18 22
2 12 6 13 10
11 6 14 7 8
2 0

6 10 19 20 23 26 27 31
10 6 20 27 26
3 12 1 14 6
1 2

6 8 12 13 15 16 17 29
6 29 13 15 8
8 5 10 15 7
1 3

6 7 10 12 17 20 27 30
6 10 27 20 12
9 7 8 11 5
0 3

1 5 14 16 20 21 27 30
14 5 20 21 27
12 5 1 15 13
0 2

3 5 14 19 20 24 27 30
24 3 20 30 19
10 12 5 14 6
0 4

5 9 10 13 18 20 22 30
30 18 20 9 10
9 1 13 5 8
1 3

2 3 4 10 13 17 23 25
25 3 2 17 10
2 4 10 14 6
1 3

1 4 8 12 13 18 26 30
8 1 4 13 30
10 8 13 12 9
2 1

3 5 10 18 19 24 28 31
5 31 24 18 28
9 2 3 1 10
2 0

10 13 14 19 21 23 27 31
13 19 14 23 21
12 14 8 11 13
0 5

8 14 16 22 23 27 30 31
22 30 14 27 16
13 15 11 7 10
1 4

2 17 20 22 24 25 26 28
2 28 24 25 22
14 15 5 13 12
1 2

10 13 14 18 21 27 28 29
21 28 13 14 18
9 14 5 11 6
1 2

4 5 8 13 14 21 23 30
4 13 21 5 23
10 7 1 4 15
2 2

3 5 18 20 24 26 28 30
3 5 20 24 28
15 9 2 12 3
0 5

3 4 16 17 18 20 25 31
31 18 20 17 16
2 7 6 10 8
1 2

2 5 10 11 13 23 24 28
10 2 5 11 13
1 11 15 3 4
1 2

3 8 10 12 14 21 27 31
31 21 14 10 12
10 15 8 6 7
1 4

2 13 17 21 22 26 27 29
2 17 21 13 26
13 15 2 8 9
1 1

4 5 7 10 14 16 23 30
16 7 10 30 14
4 8 10 13 5
3 2

5 8 11 12 14 22 23 28
12 14 5 23 22
8 10 1 9 14
3 1

1 2 7 21 22 23 28 31
23 7 28 2 1
14 2 10 8 7
1 2

1 5 6 13 17 26 27 29
13 17 27 26 29
11 13 6 12 9
3 2

9 13 14 18 19 22 24 27
13 19 22 14 18
10 15 8 9 1
3 0

3 6 7 10 18 20 22 23
6 23 18 20 10
4 10 3 5 8
1 3

1 6 13 14 17 18 19 21
1 19 18 13 17
15 2 1 6 14
2 1

2 3 4 11 20 22 24 30
22 4 11 30 2
6 4 13 7 5
0 3

4 5 7 11 15 17 19 27
19 17 11 15 27
8 10 15 12 4
2 1

1 13 14 16 18 22 26 27
13 18 16 14 22
11 6 3 9 15
1 3

2 6 14 17 21 22 23 30
2 21 6 14 17
7 3 13 1 11
1 3

9 11 14 17 18 22 26 29
14 17 26 22 9
8 10 7 13 2
4 0

2 7 11 21 23 24 25 30
21 11 23 24 2
14 8 2 9 10
0 3

2 8 10 17 19 20 21 25
10 20 2 17 25
7 11 9 3 13
1 2

2 3 5 7 15 20 21 29
20 5 15 7 29
5 11 10 4 12
0 4

10 18 20 21 22 24 26 27
18 10 26 27 22
13 15 9 6 8
0 3

6 16 18 19 20 22 23 28
23 6 19 22 20
3 6 5 14 4
0 3

13 14 16 23 27 28 29 30
16 27 14 29 28
13 14 1 9 11
0 3

6 9 16 17 18 21 22 23
23 17 6 22 9
6 3 15 14 4
1 2

2 10 11 18 19 20 24 25
20 10 11 19 2
2 10 11 14 12
1 3

5 13 18 19 20 24 27 29
18 5 13 19 24
15 4 13 1 2
0 2

4 5 7 8 17 19 30 31
7 4 19 5 17
6 3 10 14 4
0 5

8 13 17 19 20 22 27 30
30 19 17 8 13
6 10 8 5 3
3 0

3 4 5 10 13 15 19 30
10 15 3 13 30
1 4 10 5 11
2 0

3 4 16 18 21 24 25 28
18 16 24 4 28
5 11 7 4 14
1 4

10 11 13 17 19 24 29 30
30 29 10 11 24
3 8 10 14 9
0 4

1 2 7 15 16 18 20 27
27 18 7 1 2
13 4 11 3 15
1 2

8 13 14 17 19 22 24 25
19 17 24 25 22
4 13 2 3 1
1 2

2 12 15 21 22 23 24 27
22 2 27 21 23
10 2 8 7 13
1 3

11 12 14 16 17 29 30 31
14 12 29 31 11
5 1 13 15 7
1 4

4 9 17 18 20 25 26 31
9 18 20 26 17
6 4 10 9 15
0 3

3 6 10 19 21 22 25 31
22 3 31 19 25
1 3 9 10 7
1 4

4 5 9 10 11 17 22 27
5 4 11 10 22
12 4 8 13 14
1 3

2 5 6 8 12 16 17 31
6 17 8 16 2
10 15 7 14 8
3 2

1 8 10 11 12 18 26 29
11 26 10 1 8
6 15 7 4 10
1 3

1 10 15 16 20 26 30 31
16 31 10 15 30
11 12 6 7 2
3 1

1 8 11 16 22 25 26 28
11 16 25 28 8
10 15 1 14 6
4 0

2 4 9 14 15 17 25 27
17 14 4 25 15
6 3 13 4 10
0 4

1 6 11 12 13 19 27 31
11 12 27 1 31
7 5 15 6 4
3 2

6 11 14 20 23 25 26 27
11 27 6 20 23
7 13 2 9 5
1 2

1 5 9 10 12 14 17 31
12 9 17 14 5
9 4 7 2 1
2 2

4 8 9 10 12 21 23 24
8 23 24 4 10
11 2 7 3 6
2 3

2 4 7 9 11 13 26 27
9 27 11 7 13
12 10 6 4 3
3 2

4 6 7 11 16 18 21 25
7 11 25 16 18
10 14 15 4 13
0 4

1 2 3 21 22 23 25 30
25 2 1 21 30
11 15 2 12 10
1 3

3 6 11 16 19 23 24 31
19 3 11 31 24
2 4 3 11 14
2 3

3 5 9 11 13 15 20 24
5 13 24 3 20
3 7 15 13 2
2 2

4 11 15 21 23 26 29 30
11 21 23 4 29
2 13 12 1 4
1 1

3 6 9 18 22 23 25 26
3 18 25 6 22
1 4 8 9 12
2 2

1 3 4 7 9 22 23 26
9 7 22 1 3
7 6 8 5 15
0 4

3 5 6 13 18 20 27 30
20 6 3 27 13
9 2 13 6 7
1 2

1 3 4 6 19 20 28 31
1 28 6 4 3
14 13 11 7 3
1 4

2 7 8 9 19 23 28 29
23 2 19 8 29
14 6 10 1 4
2 2

7 12 19 22 25 29 30 31
19 30 31 25 7
2 12 5 11 13
1 3

1 2 3 4 10 14 15 31
4 10 15 31 1
8 14 3 13 1
3 2

4 8 11 13 21 25 27 29
27 13 8 11 25
14 1 15 13 11
0 3

1 9 10 12 17 22 24 29
29 17 12 9 1
15 5 7 6 2
3 1

7 8 10 12 21 22 23 26
22 21 10 8 23
14 6 2 1 3
3 0

8 13 16 17 20 24 27 31
24 16 20 17 8
10 6 4 8 12
1 2

6 10 11 12 18 19 20 25
20 10 12 18 6
4 7 3 12 11
0 3

4 8 9 12 15 20 25 29
12 15 8 20 9
8 12 3 10 14
0 2

4 5 6 8 20 23 24 28
6 28 5 24 23
12 4 2 11 9
1 3

1 2 12 16 17 18 20 22
18 22 2 20 12
10 7 2 13 1
1 4

1 2 7 11 12 15 29 31
7 2 11 31 12
2 4 6 10 3
0 2

9 10 11 13 17 23 28 30
30 28 11 23 10
7 9 6 10 14
2 2

3 5 6 13 14 15 27 30
6 13 3 15 14
3 4 10 14 5
1 2

2 7 8 9 10 12 13 21
9 8 13 10 2
3 13 5 11 1
1 4

1 6 10 19 21 26 29 31
19 31 29 21 10
13 3 2 14 1
2 3

5 8 11 15 20 25 26 28
28 15 26 5 20
3 1 14 10 15
0 4

3 7 15 16 17 19 22 28
17 15 7 16 28
6 7 12 8 4
0 3

5 12 14 16 20 21 22 25
16 20 12 21 14
3 5 15 7 1
2 1

2 4 11 15 17 24 26 28
26 24 28 2 11
9 11 14 5 2
3 1

9 13 17 19 20 25 28 30
19 28 20 9 17
9 11 6 4 14
2 2

3 4 9 12 18 20 21 26
20 9 21 12 26
5 3 13 2 4
0 4

2 3 9 18 19 26 29 30
30 18 2 9 3
9 7 10 11 14
1 4

2 4 5 13 15 21 24 29
21 5 13 24 29
3 9 4 2 15
2 3

2 4 6 7 13 18 21 27
27 4 7 2 21
7 1 2 4 3
2 1

2 9 13 16 17 21 25 27
27 13 21 9 17
9 8 15 2 11
1 2

8 10 12 13 18 23 30 31
8 10 18 12 23
4 7 9 6 5
1 4

2 3 5 6 18 24 30 31
31 24 18 6 30
13 6 5 14 8
2 3

2 3 4 10 13 17 18 21
2 18 21 13 10
8 14 9 7 1
2 1

3 6 8 9 15 20 24 31
6 15 24 3 9
8 7 4 15 10
2 1

3 6 10 12 22 24 26 30
30 22 6 26 12
13 8 15 14 11
0 5

4 6 7 11 16 19 21 25
21 6 25 4 7
7 9 5 14 10
3 0

1 4 5 11 20 21 26 30
1 21 4 30 5
4 12 1 13 11
0 4

7 9 14 15 16 18 19 30
14 19 7 15 18
5 8 15 11 7
2 2

8 9 11 15 18 19 24 25
11 19 15 24 8
5 7 6 9 10
1 1

4 11 12 13 14 15 22 26
13 14 11 12 4
3 7 10 11 13
1 1

5 6 10 23 24 25 26 27
25 26 10 27 23
4 5 6 14 3
3 1

5 10 15 16 19 22 24 28
5 19 22 10 24
3 15 5 6 12
0 3

3 6 7 9 15 17 19 23
17 3 15 9 6
7 5 3 8 14
3 0

3 11 12 15 21 22 23 25
25 11 12 3 23
8 15 3 7 11
1 2

3 10 12 14 15 23 24 29
12 23 15 3 29
13 7 2 15 14
1 2

1 2 4 7 8 10 19 23
2 19 1 23 8
2 7 15 1 13
2 0

2 11 16 18 25 26 27 30
16 2 18 26 27
9 7 1 8 13
2 2

1 2 3 10 17 18 20 22
3 20 1 10 2
1 12 10 2 14
2 0

2 11 20 26 27 28 29 31
11 29 20 31 28
8 12 15 14 10
1 3

1 3 4 9 16 19 23 27
16 1 23 9 19
12 6 9 13 4
2 3

5 7 11 12 14 17 19 21
21 19 5 17 7
6 4 13 9 10
2 1

8 9 13 14 15 21 25 26
15 9 26 13 8
13 4 5 14 11
0 4

2 6 10 12 13 23 25 29
10 13 2 25 29
7 13 10 12 5
0 2

6 7 12 15 19 22 23 28
28 6 19 12 23
6 14 4 7 1
2 1

4 7 9 10 16 19 22 23
7 16 4 23 19
14 10 7 5 13
1 3

9 11 20 21 27 28 30 31
9 21 30 20 31
2 9 13 6 1
3 1

7 9 10 13 15 25 29 30
29 30 13 10 7
9 2 3 6 7
1 2

2 3 11 12 14 16 19 23
14 11 23 3 16
4 12 13 14 10
1 2

4 7 10 16 17 20 24 29
4 20 16 7 10
12 11 4 3 8
3 1

6 8 13 20 21 22 26 30
20 22 21 26 13
5 4 10 9 8
0 3

7 11 17 21 25 26 27 31
17 21 31 26 25
4 11 12 3 15
1 3

1 4 13 21 22 23 25 29
22 21 29 13 23
1 6 15 4 14
1 4

2 5 15 17 18 24 27 30
15 27 30 5 18
1 5 7 9 3
1 1

1 3 5 7 9 15 22 25
15 5 1 7 9
15 3 1 2 10
0 4

2 11 13 15 16 21 23 30
30 13 23 16 15
8 14 5 12 10
2 1

4 6 13 15 23 27 28 30
13 4 23 15 6
14 2 3 8 5
0 2

2 5 12 14 17 24 30 31
30 12 2 14 24
1 2 15 3 8
1 1

4 12 13 18 21 22 23 28
21 22 18 28 12
9 5 10 11 7
3 2

2 5 11 15 19 20 21 22
5 19 22 21 15
6 12 8 10 13
2 3

2 18 19 21 22 24 29 31
22 31 29 2 19
14 8 6 3 13
2 2

10 14 18 20 22 24 27 29
20 24 29 22 14
4 14 6 12 5
1 4

7 8 13 16 19 25 27 30
7 16 25 19 13
4 14 11 13 5
0 5

3 4 5 7 10 17 24 31
5 3 7 10 24
5 10 6 2 8
0 2

1 8 9 16 20 24 27 28
16 8 27 24 20
8 5 7 10 6
0 4

6 7 16 20 22 26 27 28
20 28 6 7 27
14 6 4 12 10
3 1

6 8 9 12 20 22 25 31
6 22 20 31 12
1 6 14 2 4
1 3

3 4 19 22 23 26 28 30
30 22 3 26 19
11 6 10 9 7
0 4

4 5 10 12 27 28 30 31
10 31 5 27 4
10 5 7 13 12
1 3

3 5 6 9 19 20 21 22
3 9 22 21 20
3 6 11 15 13
1 3

3 13 16 17 19 20 26 27
27 3 19 26 16
15 2 14 10 5
3 1

5 15 17 23 24 25 29 30
15 30 29 25 5
11 3 10 6 14
1 2

7 9 12 13 18 20 22 23
9 13 22 20 12
2 9 11 4 8
2 1

2 5 13 18 19 22 27 30
19 30 22 5 13
7 11 13 15 4
2 3

1 6 9 17 19 20 27 31
19 20 6 31 17
8 4 14 13 10
2 0

9 14 16 19 22 23 25 31
16 22 25 31 23
1 6 2 14 3
3 0

2 3 15 16 17 21 22 29
3 21 22 2 29
3 1 2 6 14
3 1

1 19 20 22 25 28 29 30
22 28 25 1 29
4 1 5 3 9
2 3

10 17 18 20 23 26 28 30
26 30 20 23 17
9 11 5 7 15
1 3

2 7 8 18 23 26 27 31
7 23 18 27 8
4 5 15 10 11
1 3

3 6 11 13 23 26 28 29
28 26 13 11 3
8 4 5 12 6
0 3

1 3 10 14 17 22 27 29
1 17 27 22 14
6 7 2 8 10
1 3

5 19 20 23 24 26 27 28
23 20 26 24 19
11 15 6 2 4
1 3

2 9 10 12 20 23 25 26
20 25 12 26 10
13 12 7 9 11
2 1

1 3 5 7 11 13 18 21
7 1 11 18 5
4 3 6 5 9
1 4

2 5 8 11 17 22 26 29
22 11 29 8 2
3 2 7 6 13
0 3

1 6 17 18 19 21 29 30
21 30 6 17 19
1 15 5 12 3
0 4

4 5 9 21 25 27 30 31
5 4 25 9 30
4 12 9 8 13
2 3

3 5 12 15 16 17 24 28
16 12 15 24 5
6 14 1 8 15
0 3

2 4 8 9 10 12 26 30
9 4 2 30 10
1 7 10 12 2
2 2

2 3 12 18 21 22 26 27
3 22 27 2 26
13 11 9 12 14
1 2

4 9 16 19 22 24 27 29
24 27 22 9 19
8 7 3 15 4
1 3

2 3 5 7 12 14 17 26
2 5 7 14 12
6 1 11 9 15
0 2

9 10 19 21 23 24 25 28
10 25 23 28 9
14 12 10 11 2
0 3

2 4 6 8 20 27 29 31
29 31 6 2 8
10 9 6 4 11
0 2

8 14 18 20 22 24 30 31
14 24 22 30 8
9 1 2 12 14
1 2

4 6 8 15 22 25 27 29
29 4 8 22 15
5 4 10 11 7
1 1

1 2 6 9 12 19 24 26
1 12 26 6 9
4 5 8 2 1
0 3

2 4 6 10 12 22 24 30
6 24 30 10 22
5 8 1 3 7
1 3

1 3 6 12 15 21 25 26
3 25 12 1 21
10 15 7 6 11
1 1

2 11 17 20 21 25 28 31
21 11 20 17 2
8 4 12 6 2
1 2

3 5 7 15 17 24 29 30
24 29 30 5 7
11 12 6 9 10
2 3

3 4 8 10 11 13 20 22
22 3 4 8 10
6 9 10 12 5
2 1

9 11 12 15 19 22 23 24
12 19 24 11 23
2 4 10 14 8
0 4

3 7 9 16 19 23 24 31
16 7 23 19 3
7 4 3 14 1
2 3

1 2 7 14 17 20 29 31
7 1 29 20 17
5 7 15 14 6
3 0

8 11 15 21 22 24 25 29
8 21 25 11 29
10 5 7 1 14
2 3

1 2 11 17 18 23 25 27
23 27 11 1 2
13 15 14 4 3
1 1

2 3 7 8 9 10 13 24
2 10 13 24 8
13 6 11 9 12
2 2

2 10 13 14 15 17 26 27
26 2 15 27 13
2 13 6 10 11
0 4

8 13 14 15 18 21 22 31
18 14 8 21 22
2 1 7 12 10
1 2

1 6 7 9 11 16 20 27
7 9 11 1 6
8 3 5 13 7
3 2

1 3 4 11 16 17 19 25
11 16 25 1 19
12 6 11 1 7
3 1

5 7 9 11 12 17 22 27
9 12 27 7 11
5 8 6 11 10
1 3

3 13 15 21 23 26 28 30
13 28 21 3 15
6 2 7 12 5
0 4

3 4 6 10 13 19 25 26
25 4 6 10 26
9 12 3 11 4
1 2

1 4 8 11 18 19 20 31
4 11 18 19 20
12 2 10 4 15
0 4

2 3 10 15 19 22 24 30
22 3 2 30 24
9 15 10 4 7
1 1

2 12 18 20 21 22 27 31
2 31 21 20 18
4 13 10 5 11
2 0

5 9 13 21 22 28 29 30
22 13 28 29 5
12 10 13 7 8
2 2

1 2 11 14 16 21 26 31
2 11 31 26 21
9 6 13 5 1
3 1

2 7 17 18 20 21 27 28
21 2 7 28 27
6 4 9 7 14
3 2

2 4 11 23 24 25 28 30
24 4 2 23 25
14 12 5 7 4
2 3

9 11 13 15 19 22 24 27
19 15 9 24 27
15 12 13 4 7
1 1

2 8 18 20 21 24 27 30
27 8 18 20 21
9 10 6 14 7
2 3

1 5 6 8 9 13 19 31
6 5 1 19 31
6 5 13 7 8
1 3

4 6 9 12 14 15 16 17
12 14 16 4 9
12 4 7 10 2
2 2

6 11 14 15 18 19 22 27
11 14 19 27 15
5 11 12 13 3
3 2

4 5 10 11 14 17 20 28
11 17 4 20 14
4 2 8 5 15
2 0

1 2 3 5 10 14 17 27
17 1 5 3 27
4 12 15 6 8
0 5

9 13 17 18 21 23 24 26
18 17 23 26 21
7 10 8 6 12
0 4

1 4 5 6 16 22 26 28
1 4 5 26 6
15 8 3 14 1
2 1

3 9 12 17 19 23 26 28
23 28 26 3 17
1 10 12 4 7
1 3

6 7 16 20 21 22 25 27
20 6 16 7 22
1 10 9 7 5
0 2

7 11 15 16 18 27 29 31
31 27 29 15 16
5 6 12 13 11
0 5

1 7 10 16 20 23 24 30
7 10 23 16 1
11 13 5 3 2
1 2

1 4 7 10 19 23 28 30
1 10 7 4 28
2 7 5 1 11
0 4

1 10 14 16 18 19 24 31
19 16 10 18 1
7 14 15 11 8
1 4

7 12 16 21 27 28 29 30
12 16 27 21 29
4 5 9 8 1
4 0

4 8 10 20 21 25 26 30
20 10 4 26 21
12 3 2 10 13
2 2

4 7 10 11 13 14 24 31
11 4 13 10 14
15 14 1 13 12
2 3

6 7 8 12 23 24 25 27
25 27 23 24 7
2 4 5 10 6
2 3

2 10 12 15 16 24 26 31
31 26 12 16 10
7 4 10 2 5
1 1

10 13 14 18 20 21 24 29
18 29 14 10 20
11 5 7 4 14
1 3

7 10 21 22 23 27 28 31
23 21 22 27 28
12 6 7 10 5
2 2

3 7 13 15 21 27 28 29
13 27 21 3 28
12 7 6 10 11
0 2

13 16 17 19 20 25 27 28
28 20 19 16 13
11 2 3 10 8
2 0

6 7 14 15 18 21 23 28
21 6 15 28 18
3 2 1 5 7
1 3

5 7 12 17 25 26 27 29
12 7 27 5 17
8 1 9 6 14
0 4

1 2 12 15 19 21 25 31
1 2 21 15 19
11 14 13 2 15
0 3

6 7 10 15 19 21 22 31
19 21 15 22 10
7 12 9 10 5
0 4

4 5 7 10 12 13 14 30
12 7 13 4 30
7 2 1 3 11
2 0

3 4 17 19 20 21 22 31
20 3 19 31 22
2 1 7 4 13
0 3

12 16 17 20 21 27 29 31
16 20 29 27 12
6 7 14 10 13
2 2

5 10 12 13 16 22 24 29
29 16 22 12 5
2 15 8 14 6
0 4

3 5 7 12 13 19 23 27
7 27 23 13 3
8 5 2 14 4
2 3

2 6 13 14 16 22 28 31
22 14 16 2 28
2 5 4 9 10
0 3

1 9 15 16 19 23 27 28
27 19 23 9 1
2 7 11 12 3
2 0

2 4 11 13 16 17 21 25
16 13 21 4 11
10 5 15 6 7
3 1

2 12 14 17 18 24 25 26
26 18 24 17 14
8 5 14 2 11
1 1

1 9 18 23 26 28 29 31
23 31 28 1 26
9 7 15 4 12
2 3

1 5 13 14 18 19 24 27
27 5 18 14 19
1 4 12 13 11
2 2

8 9 14 16 17 18 21 25
9 14 17 18 25
6 15 4 14 12
3 2

2 5 6 9 10 14 16 20
5 16 10 14 20
12 8 3 4 2
0 2

4 5 6 7 11 15 20 24
5 24 6 7 11
9 10 15 6 5
2 2

5 11 12 16 20 24 28 30
20 16 12 28 24
10 5 7 12 3
0 5

3 4 10 17 21 22 25 29
21 22 29 3 17
3 14 10 4 11
4 0

2 5 6 9 11 12 24 26
11 26 9 5 12
2 7 6 11 8
1 2

3 4 8 9 23 25 27 29
9 4 3 29 27
4 3 15 10 14
1 3

2 4 5 12 17 18 21 27
12 2 4 5 18
8 3 4 15 11
1 2

1 3 4 11 20 23 24 26
20 23 11 26 3
15 13 11 2 5
0 5

4 12 17 23 24 27 28 30
17 30 27 12 28
2 13 7 15 9
1 2

7 8 10 11 13 19 26 29
8 19 26 11 10
5 15 1 10 9
2 3

4 9 13 14 15 19 25 27
13 4 25 9 27
1 15 3 9 12
0 3

1 3 6 11 13 20 25 30
3 6 11 25 1
3 6 7 10 14
2 1

7 18 21 22 25 26 27 30
25 22 21 30 18
15 8 7 2 6
1 3

7 13 14 18 23 25 26 27
23 27 26 14 13
2 11 6 14 12
2 1

4 9 11 19 20 22 26 29
20 22 26 9 11
8 5 11 2 12
1 4

3 6 7 14 16 19 28 30
28 6 3 14 16
8 3 9 14 15
3 2

6 9 15 16 21 24 28 30
9 6 24 15 21
7 9 8 5 12
0 5

3 4 7 8 10 14 30 31
3 4 8 10 30
10 8 6 2 4
2 0

6 9 10 12 22 25 27 30
9 30 6 25 22
5 14 3 12 10
3 2

2 5 9 10 16 24 29 31
31 10 5 2 9
8 13 6 7 12
1 1

1 3 6 7 8 23 24 29
23 29 1 3 7
3 1 8 7 2
1 3

7 12 13 14 17 20 21 24
12 17 14 7 21
7 4 11 2 9
3 1

3 5 13 14 20 23 25 30
20 14 5 30 25
12 8 13 14 11
1 4

4 6 12 14 17 18 25 26
12 14 18 6 17
1 10 14 4 12
2 0

1 9 11 17 20 28 29 31
9 1 29 11 28
4 15 12 8 13
1 3

3 16 20 21 24 26 27 31
31 27 3 24 26
12 15 13 4 8
1 3

5 9 11 15 19 20 27 31
5 31 15 20 11
3 14 2 15 4
1 3

2 9 10 12 16 19 28 31
12 31 19 16 28
6 9 12 7 8
1 2

2 4 9 13 14 18 22 30
9 2 30 18 14
2 8 4 12 11
2 3

2 3 4 9 14 20 29 30
30 9 14 20 29
1 11 7 5 2
0 5

5 7 9 11 17 18 25 28
11 7 17 9 28
1 3 10 15 6
1 1

7 15 16 17 18 21 22 31
7 22 31 15 16
13 3 12 2 7
3 1

12 16 21 23 25 27 28 31
27 25 23 16 21
3 12 9 6 8
1 1

5 13 15 17 18 22 28 30
5 17 13 18 15
12 8 6 7 14
1 3

2 3 5 6 13 16 22 26
6 16 22 2 3
15 2 5 3 1
2 1

1 4 7 9 13 14 16 22
16 4 1 7 13
4 2 5 3 11
2 1

1 3 12 13 19 22 23 24
13 12 19 23 24
14 8 3 11 4
0 3

2 7 15 17 18 21 22 29
7 22 18 17 15
14 15 11 6 4
3 2

6 12 17 23 24 25 26 28
17 6 28 12 23
7 1 13 5 11
3 1

2 9 16 18 19 22 30 31
2 18 19 30 9
9 3 6 14 4
2 0

1 2 3 4 10 17 19 27
10 3 27 19 1
4 6 12 2 14
0 4

1 2 7 10 13 14 28 30
28 30 7 13 1
2 3 8 12 6
2 1

7 9 10 11 15 16 18 30
16 18 15 9 11
9 5 1 14 3
2 2

3 5 8 9 10 18 20 24
20 18 3 5 8
6 3 2 8 7
3 0

1 15 18 21 22 25 26 28
21 18 1 28 26
13 4 11 5 1
2 1

5 6 12 14 16 23 28 31
5 16 31 28 23
13 10 4 5 3
1 4

4 6 7 12 17 18 26 27
4 17 12 6 18
5 6 4 3 9
1 4

4 6 11 12 13 21 24 25
6 11 13 4 25
7 12 1 11 13
1 4

2 18 20 21 22 24 29 31
18 24 22 20 29
12 9 10 3 8
1 4

3 9 10 12 14 20 24 29
14 12 29 3 9
8 2 15 9 13
2 1

1 3 7 11 12 17 20 24
11 20 1 12 17
4 2 11 8 9
0 5

1 2 13 15 19 22 24 30
24 30 1 22 2
9 7 1 8 10
2 3

8 10 14 15 21 22 25 26
22 21 10 26 25
15 11 9 13 7
1 3

2 8 17 21 22 25 29 31
25 17 21 29 2
10 11 15 1 5
2 2

9 10 15 16 18 21 28 31
16 21 9 18 10
6 1 13 9 11
2 0

2 5 7 10 11 12 14 31
12 10 31 11 5
9 13 14 10 2
2 2

3 7 11 17 21 24 27 31
11 7 17 31 24
2 5 13 15 10
0 2

3 8 12 17 19 22 27 31
8 3 27 12 31
4 7 1 10 8
3 1

6 10 15 17 19 20 26 28
26 28 10 15 20
13 8 2 3 1
2 2

9 10 11 14 15 16 20 26
26 14 16 15 10
2 8 9 15 11
2 0

4 6 9 11 16 17 19 27
19 11 27 9 4
14 2 3 8 9
2 2

1 4 5 12 15 19 24 28
15 12 24 19 4
11 5 2 10 3
2 2

5 12 15 18 21 25 27 30
27 12 18 30 21
7 8 10 11 15
2 2

5 12 15 18 19 20 21 23
20 12 23 19 15
12 4 6 11 14
2 3

1 3 5 8 9 16 24 26
26 3 5 24 1
4 8 13 10 14
2 3

4 8 9 12 13 15 19 31
13 12 15 9 8
1 4 3 7 15
0 5

1 2 4 14 22 23 24 27
14 2 27 24 22
13 7 1 8 11
1 4

1 2 8 9 10 16 20 22
16 2 1 9 22
2 8 14 1 6
2 1

2 3 12 19 23 25 27 29
25 12 23 27 2
6 12 3 13 2
0 2

1 7 12 13 20 24 27 30
20 12 7 30 27
4 8 5 7 6
1 1

7 8 9 14 15 17 18 27
18 8 17 9 14
3 4 2 14 13
1 1

1 4 6 12 15 16 18 26
1 15 12 16 6
4 1 2 7 12
1 1

5 13 16 17 19 27 28 29
19 13 28 16 29
9 10 13 15 11
0 4

4 8 11 14 16 17 23 25
23 11 4 8 16
12 4 1 14 13
3 2

3 5 8 12 19 23 25 30
3 19 25 23 30
14 4 11 2 7
2 1

3 10 14 16 25 28 30 31
25 14 10 30 16
8 2 5 14 3
3 2

2 12 15 18 19 20 21 29
19 18 2 20 21
11 15 12 6 5
1 3

1 9 10 11 13 18 22 31
10 22 13 18 11
9 4 13 1 6
2 3

1 6 7 13 14 17 25 30
6 7 30 25 1
11 1 6 12 5
2 3

3 10 12 18 19 21 22 29
22 12 18 19 3
13 8 6 10 14
2 3

1 10 11 14 15 24 27 31
11 15 14 24 31
2 13 4 11 12
2 1

8 9 10 15 20 21 28 31
20 31 28 21 15
10 7 9 13 8
2 0

9 10 17 19 22 25 28 31
28 31 17 19 22
7 4 8 2 6
0 2

2 7 9 12 13 15 18 24
12 7 2 9 18
10 12 14 7 6
1 4

4 5 6 12 18 26 28 30
26 28 30 6 12
15 13 9 8 4
0 4

1 4 5 21 26 28 29 31
4 21 26 5 28
8 3 4 5 2
2 1

5 6 7 10 18 29 30 31
5 6 30 18 31
11 3 9 6 10
0 4

6 7 9 11 15 18 21 27
6 27 9 11 15
12 14 3 9 1
3 1

1 4 10 14 22 26 28 29
29 26 1 22 28
6 7 9 11 1
0 5

2 8 12 15 27 29 30 31
27 30 12 15 31
10 9 13 8 4
0 5

3 5 6 16 18 19 22 28
3 16 5 19 6
7 11 2 15 12
1 1

1 7 10 14 15 18 20 24
1 20 15 18 24
9 11 2 12 1
0 4

7 9 11 16 21 27 28 31
28 31 21 16 11
6 3 4 5 11
2 3

4 13 15 16 17 22 24 27
15 22 16 13 17
10 3 1 4 5
2 3

6 12 17 18 23 24 27 31
23 18 6 24 17
3 4 15 2 13
2 0

2 3 9 12 13 14 18 30
13 3 2 18 12
8 12 14 2 3
2 3

11 14 16 19 22 25 26 30
11 16 26 22 19
5 11 12 3 2
1 2

2 5 10 14 16 20 25 28
28 5 10 25 20
15 12 13 9 14
3 2

4 6 9 12 16 20 27 31
6 31 20 27 16
1 5 4 15 13
1 2

2 5 6 9 10 19 28 31
9 6 10 28 31
15 8 5 9 4
0 5

3 4 7 8 10 13 26 27
13 10 7 3 8
7 9 12 14 11
0 5

5 6 10 11 14 19 20 26
14 6 11 5 19
1 11 4 13 3
2 1

5 7 12 13 20 25 26 31
5 25 31 26 20
13 9 14 8 2
0 5

1 2 3 7 14 15 20 28
1 7 20 2 14
6 8 13 11 4
2 1

4 5 6 8 11 12 26 30
12 26 8 30 11
5 4 7 11 6
2 1

3 7 9 10 11 14 16 24
9 7 14 11 24
12 9 10 3 13
1 1

2 4 7 10 16 19 20 21
7 20 19 2 21
3 4 14 2 1
0 2

1 10 13 21 24 26 27 29
24 21 26 1 27
12 3 8 14 1
2 3

3 4 11 12 14 23 25 26
4 23 3 12 25
7 8 5 11 2
4 0

4 9 12 13 25 27 29 30
12 9 30 4 29
14 9 8 4 1
2 3

5 8 10 11 14 17 18 28
14 8 11 5 18
2 3 7 4 12
0 5

2 5 12 19 22 23 25 27
22 27 2 12 19
12 5 2 1 11
1 1

11 12 16 19 20 22 23 25
25 11 22 19 23
12 2 1 15 6
1 3

1 4 5 8 11 13 17 30
13 4 11 17 30
8 11 3 6 9
0 5

5 10 15 17 18 23 27 29
5 18 23 17 15
9 15 2 14 5
2 3

4 5 6 7 12 18 24 25
5 6 7 4 24
14 3 10 7 15
2 3

9 10 14 19 21 23 25 28
19 9 25 10 23
12 14 9 11 1
1 3

1 9 13 14 15 27 28 30
15 1 27 9 13
4 9 11 3 1
0 3

3 12 15 24 25 26 30 31
15 25 12 26 30
12 2 10 3 13
1 2

4 10 20 21 22 23 25 29
22 4 21 25 20
8 12 9 4 5
0 4

2 12 15 19 20 27 28 29
29 15 12 28 19
3 5 7 6 2
0 4

3 5 7 10 12 16 17 29
17 12 29 16 5
13 9 6 12 5
3 1

5 6 9 16 18 21 28 29
16 9 6 29 5
11 6 13 1 3
0 5

2 7 10 17 18 24 27 30
27 30 10 24 17
8 1 9 10 4
1 3

1 3 5 6 11 13 26 30
3 13 26 5 6
5 1 11 12 8
3 0

5 12 15 16 21 27 29 30
29 12 15 30 21
15 9 14 12 8
2 2

3 8 16 17 18 22 26 31
3 17 22 31 26
8 13 15 5 1
2 1

1 5 8 13 15 20 21 31
5 20 15 1 31
15 4 9 13 1
3 1

6 9 12 13 14 18 23 30
23 13 9 30 14
5 2 8 15 4
1 2

3 6 18 19 20 22 27 30
30 20 18 6 3
14 4 8 1 13
1 4

3 5 6 9 15 18 26 31
6 18 3 5 15
9 7 2 6 3
3 1

1 13 19 20 21 22 23 28
13 21 22 28 23
4 2 5 13 3
2 2

3 4 6 8 14 15 22 23
15 22 14 6 3
5 6 4 14 1
0 3

2 8 13 16 19 25 28 31
13 2 16 25 19
13 11 6 1 12
0 4

1 2 8 18 19 23 25 28
23 8 2 18 19
10 11 5 15 8
2 3

1 7 9 13 14 17 27 29
13 14 29 17 7
2 3 7 13 14
1 3

1 12 15 17 18 21 25 27
1 25 27 12 21
10 6 8 4 11
1 2

3 4 5 7 13 18 23 24
13 24 5 23 18
4 9 5 13 7
0 5

2 11 12 14 18 22 28 30
22 2 18 30 28
1 15 4 12 7
0 4

9 12 13 15 17 20 22 27
27 12 9 13 17
11 10 2 13 4
3 1

3 5 7 10 11 14 20 24
11 5 24 7 10
3 14 13 4 1
1 2

3 8 11 25 27 29 30 31
25 29 11 8 31
7 15 6 1 3
2 2

7 11 12 16 18 19 26 30
30 12 18 19 26
4 13 2 1 6
1 3

17 18 19 20 23 25 26 27
23 18 26 20 17
5 4 8 14 11
3 2

2 5 6 9 16 22 23 30
16 30 23 6 5
7 2 14 3 6
1 1

2 8 12 13 16 19 27 29
8 27 16 2 13
15 11 4 10 9
0 3

1 4 8 15 17 25 26 30
4 25 26 17 8
11 14 15 8 13
4 0

5 11 15 16 17 18 21 31
16 21 17 18 11
9 7 1 11 10
1 2

2 4 7 11 15 19 26 31
15 26 31 4 11
12 7 2 1 6
4 0

1 3 9 15 16 17 18 19
17 3 9 16 15
1 11 9 3 2
1 2

10 14 18 22 23 24 25 26
24 22 18 14 25
6 4 8 1 15
0 2

2 6 8 11 12 15 16 22
12 16 15 11 6
6 10 1 4 2
3 0

5 8 12 13 17 20 27 29
27 20 8 13 12
9 6 2 4 10
2 2

5 17 20 21 22 23 24 25
25 21 22 24 5
15 14 3 12 5
2 2

3 4 7 8 11 17 20 21
17 4 7 20 8
5 11 8 14 10
1 3

3 5 10 12 26 28 29 31
26 28 3 29 5
6 2 1 15 13
2 3

6 9 12 15 16 23 24 27
12 24 9 15 23
6 15 12 1 4
1 3

1 7 8 9 10 22 27 31
7 8 31 1 22
9 4 6 8 11
0 3

3 5 9 14 15 16 17 31
9 15 31 16 14
1 15 7 14 10
3 0

1 5 9 16 20 22 23 30
23 22 1 16 9
9 15 5 6 10
3 1

11 16 24 26 28 29 30 31
26 28 16 31 24
9 8 11 12 7
1 1

6 8 10 15 24 25 28 29
15 28 10 29 6
2 15 3 12 1
1 1

10 13 17 21 22 23 24 25
24 23 17 13 25
9 8 7 15 11
3 1

2 4 6 7 14 18 19 26
4 7 14 18 6
10 4 12 7 5
0 5

3 4 7 11 13 26 29 31
31 26 4 13 3
14 4 15 13 2
1 3

5 8 20 22 23 24 25 31
8 23 25 31 24
1 6 2 4 8
1 3

7 8 13 15 17 19 22 28
13 19 7 15 17
13 14 10 11 15
2 3

2 20 21 24 25 28 30 31
24 28 20 30 21
11 15 7 14 8
0 5

10 14 15 18 21 22 24 29
10 21 18 14 29
9 3 13 1 12
0 3

3 8 10 11 12 22 23 28
10 11 22 8 3
15 2 6 4 14
1 1

2 3 7 8 10 11 15 20
2 15 8 7 10
10 11 2 3 15
0 3

1 2 4 8 9 13 18 19
1 9 8 4 19
1 10 5 14 11
3 1

2 8 15 18 23 26 29 30
18 23 15 29 26
2 7 8 1 15
1 4

12 15 19 21 22 24 26 27
21 12 15 26 24
6 3 8 13 11
3 1

2 3 10 16 17 23 28 29
16 29 10 2 23
14 7 3 6 5
2 2

1 5 6 10 17 23 24 31
17 10 31 6 24
14 9 12 1 7
2 3

10 13 16 17 21 23 25 27
17 21 23 25 13
9 11 4 1 15
3 0

3 6 7 11 17 19 21 28
28 21 19 7 17
10 6 9 8 14
1 1

3 4 18 19 22 24 25 28
25 22 19 24 4
11 3 7 9 15
1 1

1 4 5 6 12 18 20 28
12 18 28 4 6
6 3 13 11 8
3 1

5 7 20 21 22 27 28 31
7 28 21 22 31
11 3 9 14 1
1 3

2 6 7 12 17 18 22 27
7 27 2 17 22
12 8 13 15 14
1 4

6 9 17 19 20 24 25 26
20 9 19 24 26
13 3 10 14 8
2 3

4 6 10 11 12 18 30 31
4 18 12 10 11
7 9 13 10 3
0 2

2 6 9 15 17 21 27 29
17 2 29 27 6
7 8 15 9 5
0 3

