253 36 132 4752
87 26 119 3094
156 104 133 13832
23 196 118 23128
137 209 98 20482
70 232 143 33176
177 83 137 11371
52 138 74 10212
48 124 64 7936
54 138 172 23736
154 91 33 3003
107 122 111 13542
1 131 164 21484
63 58 247 14326
133 208 173 35984
126 59 251 14809
131 71 254 18034
43 55 114 6270
209 157 54 8478
18 59 103 6077
118 32 14 448
72 64 229 14656
77 224 187 41888
152 167 173 28891
60 224 101 22624
121 27 194 5238
30 134 219 29346
84 216 41 8856
116 128 22 2816
65 84 44 3696
214 16 80 1280
183 140 194 27160
154 184 158 29072
236 99 244 24156
56 194 63 12222
224 203 69 14007
66 25 49 1225
53 188 152 28576
23 99 161 15939
111 25 1 25
148 107 73 7811
51 28 128 3584
112 52 238 12376
145 222 163 36186
8 72 108 7776
137 17 119 2023
197 45 16 720
71 18 83 1494
98 249 61 15189
205 203 103 20909
187 126 134 16884
249 43 15 645
239 144 197 28368
56 33 88 2904
246 69 215 14835
60 75 70 5250
0 70 2 140
142 230 171 39330
52 139 57 7923
223 165 183 30195
167 22 176 3872
80 109 146 15914
168 133 130 17290
59 48 140 6720
176 153 87 13311
32 90 210 18900
152 8 78 624
187 143 177 25311
226 36 149 5364
116 170 188 31960
58 76 113 8588
169 62 122 7564
119 31 172 5332
126 5 105 525
202 228 159 36252
58 1 117 117
216 168 78 13104
90 66 53 3498
239 253 89 22517
220 137 139 19043
157 104 167 17368
121 59 125 7375
79 214 26 5564
190 104 93 9672
196 180 171 30780
76 210 156 32760
112 127 193 24511
161 55 221 12155
47 231 161 37191
52 67 34 2278
209 213 65 13845
221 4 42 168
99 253 240 60720
170 172 86 14792
73 189 136 25704
182 1 176 176
127 115 40 4600
158 218 238 51884
172 224 159 35616
128 122 106 12932
83 100 94 9400
13 105 85 8925
91 79 37 2923
236 160 183 29280
125 37 202 7474
132 40 173 6920
53 103 67 6901
2 129 78 10062
85 45 130 5850
5 66 164 10824
44 155 147 22785
186 21 236 4956
11 237 199 47163
224 8 133 1064
91 202 57 11514
136 24 43 1032
131 103 158 16274
44 18 50 900
198 105 30 3150
129 26 128 3328
58 96 3 288
140 10 238 2380
27 249 39 9711
142 44 224 9856
46 48 103 4944
233 250 48 12000
240 41 128 5248
23 233 189 44037
190 127 34 4318
58 113 66 7458
65 41 38 1558
246 196 64 12544
192 65 30 1950
146 248 28 6944
40 80 186 14880
154 148 199 29452
228 244 193 47092
107 183 130 23790
222 241 132 31812
122 92 161 14812
72 23 26 598
50 99 91 9009
241 122 197 24034
188 95 7 665
91 237 79 18723
18 106 84 8904
199 205 66 13530
37 100 94 9400
246 115 70 8050
4 97 181 17557
83 227 13 2951
68 69 171 11799
183 158 146 23068
23 173 130 22490
21 157 149 23393
217 189 86 16254
160 217 159 34503
251 112 213 23856
86 237 240 56880
139 114 35 3990
241 189 33 6237
212 182 123 22386
165 37 103 3811
202 64 109 6976
66 18 185 3330
60 224 204 45696
140 158 66 10428
1 200 164 32800
227 6 232 1392
153 79 207 16353
151 141 213 30033
0 57 8 456
120 172 57 9804
160 84 141 11844
134 32 202 6464
167 93 167 15531
207 183 170 31110
41 87 181 15747
209 224 176 39424
215 230 148 34040
4 118 90 10620
53 71 112 7952
92 66 196 12936
149 249 104 25896
215 18 120 2160
61 65 134 8710
123 142 255 36210
127 251 253 63503
76 7 107 749
188 131 178 23318
40 244 95 23180
116 155 105 16275
132 224 61 13664
254 146 65 9490
130 236 121 28556
126 31 57 1767
219 55 77 4235
42 169 241 40729
137 205 63 12915
3 243 239 58077
66 235 53 12455
141 101 7 707
24 176 13 2288
44 110 189 20790
221 162 247 40014
41 174 178 30972
34 135 250 33750
148 230 130 29900
224 129 111 14319
125 232 159 36888
48 120 93 11160
52 247 4 988
166 42 244 10248
150 90 220 19800
26 127 157 19939
142 15 111 1665
18 246 80 19680
85 222 242 53724
5 67 60 4020
24 62 14 868
42 115 226 25990
2 202 60 12120
156 55 38 2090
235 59 72 4248
240 32 16 512
17 29 141 4089
146 244 53 12932
171 185 220 40700
132 103 243 25029
51 237 2 474
87 214 8 1712
185 235 96 22560
119 219 61 13359
160 16 36 576
25 213 6 1278
150 84 247 20748
113 178 109 19402
163 8 65 520
253 165 173 28545
154 212 81 17172
5 133 54 7182
102 52 11 572
158 15 31 465
214 239 232 55448
211 70 44 3080
254 52 113 5876
198 145 238 34510
70 96 120 11520
223 129 175 22575
185 157 189 29673
107 52 38 1976
59 221 191 42211
49 214 28 5992
166 221 238 52598
236 174 154 26796
6 43 118 5074
173 181 50 9050
101 112 87 9744
140 184 116 21344
232 101 143 14443
52 92 194 17848
49 67 120 8040
46 176 247 43472
57 137 175 23975
250 14 154 2156
42 104 27 2808
82 114 150 17100
215 67 238 15946
231 149 178 26522
179 79 251 19829
58 210 114 23940
205 183 253 46299
151 59 249 14691
240 210 83 17430
207 84 29 2436
119 132 38 5016
24 70 129 9030
166 150 109 16350
15 213 113 24069
60 183 193 35319
47 191 234 44694
223 101 148 14948
147 128 219 28032
74 90 49 4410
50 128 230 29440
62 78 85 6630
22 223 80 17840
172 50 67 3350
58 82 216 17712
150 40 162 6480
11 206 174 35844
136 227 125 28375
210 250 205 51250
202 70 68 4760
98 157 84 13188
148 69 165 11385
227 131 188 24628
231 123 133 16359
150 135 255 34425
218 0 147 0
222 205 1 205
127 80 30 2400
250 82 231 18942
172 110 58 6380
43 85 23 1955
71 132 94 12408
68 71 25 1775
233 177 244 43188
210 70 149 10430
244 196 155 30380
90 84 23 1932
113 18 13 234
104 192 107 20544
81 171 221 37791
92 127 173 21971
229 156 146 22776
59 104 93 9672
164 252 201 50652
241 142 22 3124
163 248 91 22568
192 48 191 9168
67 30 203 6090
213 243 79 19197
1 139 87 12093
59 102 114 11628
113 215 134 28810
162 253 185 46805
200 205 22 4510
176 2 30 60
126 76 128 9728
222 60 245 14700
243 236 155 36580
10 44 176 7744
30 57 9 513
69 52 251 13052
168 161 99 15939
138 12 22 264
8 108 108 11664
88 70 124 8680
118 81 176 14256
113 214 57 12198
210 135 88 11880
37 218 122 26596
208 103 27 2781
240 20 59 1180
11 245 144 35280
88 209 37 7733
201 239 88 21032
79 53 242 12826
153 45 209 9405
130 41 247 10127
18 119 75 8925
92 86 163 14018
85 38 3 114
168 241 18 4338
48 34 75 2550
22 79 3 237
229 25 163 4075
15 111 216 23976
1 13 182 2366
154 1 106 106
216 126 112 14112
70 144 204 29376
113 229 181 41449
77 222 89 19758
7 64 84 5376
115 143 167 23881
119 200 79 15800
74 184 46 8464
42 66 149 9834
225 233 190 44270
86 92 179 16468
14 205 37 7585
184 22 59 1298
202 128 147 18816
18 46 194 8924
97 19 146 2774
4 252 196 49392
47 13 184 2392
219 135 77 10395
92 149 192 28608
6 34 25 850
236 176 202 35552
235 167 38 6346
189 197 29 5713
99 94 248 23312
111 79 96 7584
179 122 160 19520
56 157 140 21980
51 1 69 69
169 248 14 3472
91 56 122 6832
218 238 214 50932
109 165 199 32835
251 140 26 3640
55 191 228 43548
180 179 185 33115
152 220 158 34760
227 211 124 26164
216 5 93 465
151 166 177 29382
241 184 190 34960
86 193 200 38600
17 191 204 38964
5 221 32 7072
171 89 159 14151
92 219 237 51903
224 168 82 13776
20 145 53 7685
118 225 77 17325
203 115 78 8970
172 85 250 21250
225 254 15 3810
247 236 42 9912
136 18 55 990
125 67 56 3752
221 2 139 278
76 224 205 45920
214 230 148 34040
254 201 128 25728
244 205 17 3485
145 35 207 7245
239 222 102 22644
143 164 34 5576
218 144 184 26496
224 250 212 53000
114 122 124 15128
225 120 121 14520
150 108 153 16524
139 166 215 35690
18 212 115 24380
213 137 82 11234
78 153 115 17595
152 188 181 34028
124 238 239 56882
150 181 159 28779
84 213 128 27264
125 197 253 49841
136 62 26 1612
245 181 92 16652
113 15 149 2235
29 22 245 5390
164 119 93 11067
4 148 192 28416
112 84 128 10752
1 240 239 57360
124 153 94 14382
245 111 167 18537
238 249 158 39342
218 219 206 45114
237 59 57 3363
52 110 63 6930
96 9 186 1674
54 62 210 13020
44 23 2 46
194 2 241 482
101 240 45 10800
130 67 171 11457
49 214 121 25894
211 95 146 13870
77 104 50 5200
64 233 189 44037
105 28 15 420
171 60 202 12120
232 164 138 22632
136 106 176 18656
156 214 25 5350
181 201 195 39195
147 187 80 14960
196 206 59 12154
28 195 82 15990
228 241 21 5061
128 87 29 2523
167 207 49 10143
46 64 150 9600
78 209 241 50369
69 157 95 14915
110 240 204 48960
189 88 221 19448
6 120 141 16920
168 94 246 23124
90 216 56 12096
60 11 117 1287
57 223 207 46161
109 127 16 2032
99 219 243 53217
131 139 221 30719
60 206 42 8652
70 99 165 16335
2 238 75 17850
188 179 162 28998
34 181 32 5792
246 243 37 8991
230 154 163 25102
95 85 136 11560
3 215 232 49880
226 71 42 2982
129 193 213 41109
117 31 101 3131
69 154 6 924
9 184 40 7360
179 46 109 5014
76 38 65 2470
24 154 148 22792
197 206 128 26368
217 4 133 532
48 130 38 4940
166 56 196 10976
37 118 115 13570
23 99 227 22473
108 39 39 1521
129 98 149 14602
140 133 75 9975
229 92 80 7360
128 6 174 1044
72 164 212 34768
138 108 200 21600
215 23 58 1334
163 99 10 990
155 111 86 9546
250 61 200 12200
177 66 141 9306
123 120 55 6600
65 168 115 19320
92 222 58 12876
170 188 205 38540
26 75 240 18000
152 115 197 22655
116 139 68 9452
255 129 119 15351
60 204 242 49368
35 65 34 2210
178 187 145 27115
154 191 216 41256
146 250 50 12500
214 132 23 3036
162 197 72 14184
176 99 187 18513
129 246 151 37146
37 74 32 2368
109 42 81 3402
193 194 135 26190
221 27 209 5643
0 88 117 10296
216 171 17 2907
187 146 228 33288
124 195 146 28470
6 161 43 6923
123 137 109 14933
11 25 245 6125
116 167 194 32398
189 66 158 10428
112 144 199 28656
127 239 195 46605
238 8 27 216
16 221 252 55692
63 97 55 5335
95 250 231 57750
43 30 6 180
12 55 20 1100
9 3 14 42
200 167 118 19706
214 192 181 34752
243 21 95 1995
135 76 172 13072
49 140 101 14140
129 240 85 20400
78 213 83 17679
207 199 204 40596
237 169 103 17407
133 172 250 43000
214 36 69 2484
55 132 91 12012
63 84 154 12936
123 240 243 58320
57 27 81 2187
184 144 99 14256
108 204 227 46308
214 43 87 3741
23 48 205 9840
167 92 208 19136
143 244 156 38064
31 151 247 37297
180 181 21 3801
184 153 118 18054
11 29 81 2349
148 176 142 24992
138 205 240 49200
56 80 98 7840
51 18 183 3294
254 243 47 11421
17 145 36 5220
134 64 101 6464
56 105 236 24780
210 219 234 51246
205 131 87 11397
82 123 222 27306
245 139 8 1112
192 153 24 3672
41 26 50 1300
199 49 67 3283
116 70 245 17150
201 50 17 850
142 97 46 4462
3 166 34 5644
169 158 98 15484
162 6 157 942
112 48 46 2208
229 140 71 9940
171 201 248 49848
28 62 252 15624
133 81 128 10368
3 252 40 10080
230 243 98 23814
35 9 27 243
108 202 176 35552
60 178 84 14952
215 218 29 6322
236 42 9 378
14 24 123 2952
7 185 152 28120
98 170 126 21420
179 51 196 9996
245 253 173 43769
86 69 93 6417
3 209 26 5434
231 99 99 9801
249 169 171 28899
33 39 82 3198
222 211 199 41989
136 255 78 19890
209 143 225 32175
155 194 32 6208
190 123 207 25461
13 158 12 1896
37 121 5 605
147 168 209 35112
224 192 177 33984
63 172 52 8944
41 9 51 459
90 34 221 7514
86 43 100 4300
50 65 121 7865
1 123 165 20295
101 174 85 14790
150 195 181 35295
131 63 244 15372
120 186 180 33480
40 187 78 14586
69 56 229 12824
212 174 179 31146
225 166 15 2490
48 163 144 23472
68 79 131 10349
133 91 131 11921
76 163 57 9291
130 233 127 29591
252 141 134 18894
180 175 249 43575
237 101 72 7272
51 179 73 13067
229 39 173 6747
118 204 198 40392
200 249 219 54531
72 137 80 10960
92 40 27 1080
86 237 60 14220
161 23 92 2116
208 79 218 17222
166 227 45 10215
14 254 26 6604
34 167 119 19873
62 128 246 31488
63 155 158 24490
131 122 160 19520
78 144 218 31392
11 172 177 30444
103 112 222 24864
6 133 207 27531
37 200 46 9200
140 52 121 6292
239 140 175 24500
201 73 255 18615
152 152 84 12768
16 67 209 14003
63 143 0 0
159 149 167 24883
174 46 228 10488
61 15 53 795
171 55 13 715
248 179 103 18437
247 105 226 23730
172 81 79 6399
28 83 183 15189
89 49 137 6713
194 194 224 43456
92 39 1 39
32 165 233 38445
153 57 242 13794
159 208 51 10608
216 139 86 11954
138 66 165 10890
18 51 94 4794
182 110 150 16500
112 11 253 2783
113 169 132 22308
138 252 168 42336
40 19 154 2926
230 175 152 26600
193 240 220 52800
55 240 207 49680
61 202 249 50298
121 45 113 5085
0 228 161 36708
87 33 54 1782
53 146 47 6862
159 154 70 10780
185 135 59 7965
216 101 52 5252
120 24 255 6120
241 168 105 17640
230 132 109 14388
232 178 176 31328
14 125 130 16250
185 90 234 21060
239 95 176 16720
45 77 35 2695
27 217 128 27776
99 214 119 25466
213 252 179 45108
38 4 133 532
118 227 140 31780
105 157 63 9891
19 195 114 22230
115 175 167 29225
96 209 225 47025
17 255 210 53550
91 66 17 1122
165 241 199 47959
117 42 210 8820
68 79 68 5372
62 76 176 13376
143 243 178 43254
230 196 218 42728
36 171 90 15390
18 79 59 4661
86 212 173 36676
134 112 237 26544
48 101 200 20200
144 29 125 3625
245 87 115 10005
63 198 191 37818
142 178 78 13884
202 197 42 8274
175 172 238 40936
173 163 234 38142
151 148 17 2516
108 177 47 8319
183 129 52 6708
250 229 97 22213
163 4 54 216
54 1 61 61
29 72 197 14184
252 101 20 2020
22 99 197 19503
185 38 147 5586
251 202 2 404
140 53 227 12031
171 35 187 6545
81 193 11 2123
224 236 239 56404
40 26 200 5200
255 177 112 19824
98 189 103 19467
124 192 44 8448
204 76 64 4864
96 165 43 7095
214 170 220 37400
141 206 48 9888
13 108 250 27000
213 44 3 132
223 9 92 828
200 118 164 19352
194 114 198 22572
248 198 180 35640
47 140 195 27300
208 38 155 5890
175 214 199 42586
81 135 217 29295
35 3 13 39
48 170 235 39950
139 5 192 960
56 232 143 33176
52 153 250 38250
24 23 241 5543
130 107 221 23647
147 108 144 15552
205 226 126 28476
127 107 191 20437
14 47 95 4465
36 66 8 528
81 70 156 10920
216 37 228 8436
33 184 33 6072
227 129 127 16383
109 175 129 22575
22 34 125 4250
148 125 73 9125
155 163 6 978
159 117 223 26091
227 186 124 23064
207 16 77 1232
195 68 164 11152
6 137 140 19180
27 27 54 1458
186 109 41 4469
158 27 3 81
108 224 90 20160
142 229 51 11679
227 127 222 28194
149 56 86 4816
145 34 56 1904
247 5 49 245
239 243 45 10935
211 127 141 17907
185 146 137 20002
55 214 121 25894
69 64 148 9472
34 100 187 18700
119 64 196 12544
213 117 102 11934
249 246 137 33702
4 232 199 46168
187 109 76 8284
186 100 49 4900
246 70 245 17150
21 211 81 17091
25 63 145 9135
40 97 2 194
111 210 243 51030
160 51 230 11730
92 165 103 16995
252 136 52 7072
134 182 201 36582
127 20 104 2080
74 139 165 22935
36 167 231 38577
61 214 39 8346
55 128 183 23424
185 66 1 66
98 225 203 45675
158 105 158 16590
83 185 163 30155
210 41 43 1763
66 134 43 5762
38 198 98 19404
0 181 22 3982
163 160 39 6240
88 48 55 2640
118 109 68 7412
233 218 125 27250
235 46 239 10994
190 33 150 4950
60 88 233 20504
84 250 118 29500
33 240 73 17520
205 220 43 9460
93 131 79 10349
125 145 192 27840
197 68 228 15504
27 1 38 38
103 184 130 23920
50 61 94 5734
234 181 185 33485
180 109 78 8502
55 160 154 24640
175 125 13 1625
3 42 160 6720
155 146 141 20586
230 6 248 1488
188 173 232 40136
237 74 49 3626
131 19 188 3572
248 110 192 21120
3 65 89 5785
61 50 221 11050
201 162 176 28512
199 213 153 32589
182 65 67 4355
203 89 76 6764
181 30 132 3960
44 201 163 32763
97 4 108 432
127 194 248 48112
242 232 40 9280
111 173 185 32005
12 48 48 2304
90 100 10 1000
74 133 42 5586
112 69 232 16008
148 241 99 23859
199 214 115 24610
165 121 195 23595
23 136 46 6256
74 120 134 16080
34 62 78 4836
67 98 36 3528
248 165 119 19635
205 183 45 8235
137 123 117 14391
56 83 2 166
74 85 212 18020
36 90 175 15750
226 145 97 14065
41 114 95 10830
10 100 253 25300
31 8 15 120
44 84 71 5964
69 212 154 32648
106 122 9 1098
238 219 42 9198
10 87 111 9657
133 151 184 27784
127 46 107 4922
2 28 34 952
140 23 214 4922
39 65 244 15860
42 76 48 3648
35 66 10 660
63 99 7 693
103 88 133 11704
71 101 118 11918
210 45 210 9450
120 14 54 756
127 66 175 11550
20 151 47 7097
224 158 116 18328
220 215 158 33970
226 94 13 1222
227 158 23 3634
78 250 95 23750
51 152 27 4104
180 98 28 2744
3 27 243 6561
104 63 35 2205
110 173 10 1730
140 247 9 2223
235 36 11 396
28 70 94 6580
245 167 96 16032
108 146 191 27886
168 11 233 2563
159 58 230 13340
53 49 9 441
0 148 43 6364
136 114 83 9462
67 88 55 4840
106 66 130 8580
22 165 210 34650
6 142 133 18886
145 232 30 6960
168 132 185 24420
93 77 150 11550
248 187 179 33473
173 123 166 20418
48 3 36 108
98 211 195 41145
235 64 190 12160
66 240 102 24480
32 199 25 4975
96 15 90 1350
52 173 99 17127
60 90 126 11340
139 197 152 29944
179 168 56 9408
141 127 176 22352
93 106 20 2120
164 228 57 12996
21 179 153 27387
221 116 133 15428
51 33 241 7953
68 248 248 61504
84 115 23 2645
225 140 194 27160
24 145 39 5655
128 53 94 4982
13 19 94 1786
110 65 156 10140
242 244 112 27328
93 154 119 18326
139 242 155 37510
204 131 79 10349
219 152 109 16568
95 179 101 18079
91 85 157 13345
30 118 160 18880
21 54 70 3780
205 215 4 860
165 17 90 1530
218 7 100 700
136 76 54 4104
154 118 43 5074
77 133 149 19817
204 90 96 8640
123 188 86 16168
147 161 36 5796
108 219 209 45771
98 146 115 16790
174 202 166 33532
105 81 218 17658
123 97 127 12319
159 7 36 252
120 66 130 8580
82 147 29 4263
222 79 84 6636
54 183 44 8052
128 215 219 47085
45 25 249 6225
99 134 250 33500
218 248 33 8184
35 3 127 381
174 127 108 13716
91 81 85 6885
209 27 102 2754
141 53 181 9593
123 22 78 1716
104 218 33 7194
50 99 20 1980
133 195 31 6045
47 97 210 20370
188 220 66 14520
244 155 133 20615
71 48 167 8016
140 177 194 34338
223 41 84 3444
127 162 167 27054
137 24 188 4512
23 166 19 3154
8 111 128 14208
17 250 136 34000
83 23 175 4025
90 142 83 11786
21 251 203 50953
226 185 122 22570
27 199 5 995
238 188 98 18424
61 46 251 11546
188 218 77 16786
163 81 109 8829
209 237 251 59487
121 28 153 4284
88 192 8 1536
112 192 71 13632
76 150 241 36150
154 131 161 21091
107 165 187 30855
135 164 115 18860
33 111 173 19203
169 9 107 963
240 66 164 10824
106 234 94 21996
249 63 231 14553
126 186 216 40176
182 191 133 25403
82 250 74 18500
12 233 163 37979
163 193 191 36863
45 220 68 14960
173 18 222 3996
17 183 110 20130
106 100 153 15300
109 96 195 18720
218 226 237 53562
104 229 218 49922
77 69 107 7383
135 194 1 194
35 103 138 14214
133 113 55 6215
15 214 244 52216
113 250 21 5250
75 159 12 1908
147 236 33 7788
23 233 29 6757
154 119 57 6783
220 153 254 38862
243 23 212 4876
138 83 170 14110
240 18 63 1134
199 48 207 9936
210 175 12 2100
191 51 212 10812
130 156 28 4368
78 217 102 22134
187 19 16 304
58 129 162 20898
145 185 131 24235
164 224 45 10080
78 53 36 1908
121 138 183 25254
89 221 70 15470
178 37 87 3219
247 216 128 27648
42 207 152 31464
148 236 54 12744
170 203 189 38367
62 155 191 29605
30 16 190 3040
116 130 110 14300
236 149 174 25926
202 55 30 1650
221 100 136 13600
37 32 20 640
35 227 154 34958
108 235 88 20680
91 210 3 630
1 187 209 39083
159 236 255 60180
252 36 196 7056
247 244 49 11956
141 243 135 32805
146 23 61 1403
172 202 113 22826
53 43 64 2752
111 210 5 1050
177 136 113 15368
239 245 165 40425
30 4 8 32
20 38 74 2812
8 182 49 8918
217 138 77 10626
119 50 113 5650
14 113 145 16385
130 190 111 21090
65 119 84 9996
107 47 35 1645
159 104 4 416
114 113 222 25086
228 191 243 46413
225 231 159 36729
182 205 198 40590
2 32 180 5760
1 249 223 55527
255 161 157 25277
42 141 67 9447
219 167 163 27221
53 14 173 2422
254 48 167 8016
52 26 188 4888
20 183 20 3660
152 50 136 6800
47 90 246 22140
50 9 12 108
96 104 165 17160
23 35 22 770
77 136 140 19040
154 238 192 45696
115 254 229 58166
19 161 167 26887
5 175 146 25550
60 119 86 10234
180 250 78 19500
59 45 159 7155
195 126 243 30618
188 199 212 42188
41 99 131 12969
166 5 37 185
190 200 56 11200
77 20 140 2800
158 86 203 17458
52 94 12 1128
70 51 165 8415
178 131 46 6026
23 203 204 41412
37 227 1 227
76 34 149 5066
114 67 14 938
120 170 139 23630
250 110 246 27060
49 223 18 4014
90 232 182 42224
115 13 163 2119
139 5 205 1025
211 12 184 2208
56 9 174 1566
177 214 196 41944
105 23 72 1656
213 75 203 15225
67 28 139 3892
111 117 116 13572
48 46 247 11362
150 51 43 2193
53 74 144 10656
240 193 242 46706
196 244 152 37088
5 7 85 595
125 228 43 9804
155 166 64 10624
100 105 138 14490
133 121 248 30008
222 90 166 14940
74 38 196 7448
125 70 53 3710
27 26 113 2938
145 136 134 18224
21 131 35 4585
183 70 84 5880
195 37 62 2294
215 139 60 8340
83 31 76 2356
92 246 179 44034
11 250 37 9250
130 177 128 22656
209 150 198 29700
239 187 44 8228
159 197 215 42355
234 81 157 12717
59 158 25 3950
222 246 35 8610
138 61 216 13176
209 70 185 12950
68 88 13 1144
176 140 112 15680
15 63 49 3087
104 205 224 45920
117 83 228 18924
5 162 97 15714
208 99 169 16731
22 238 76 18088
171 40 58 2320
192 131 67 8777
85 80 89 7120
20 19 189 3591
149 222 51 11322
122 249 56 13944
184 201 166 33366
77 200 234 46800
128 24 19 456
2 160 198 31680
143 247 124 30628
113 180 44 7920
103 122 29 3538
21 137 163 22331
26 249 204 50796
91 215 104 22360
58 91 177 16107
94 18 190 3420
173 169 71 11999
165 5 60 300
109 177 160 28320
176 4 144 576
95 176 91 16016
136 162 110 17820
196 56 210 11760
130 237 164 38868
243 204 110 22440
248 158 145 22910
92 228 27 6156
171 192 100 19200
6 95 89 8455
255 179 248 44392
253 137 89 12193
94 170 38 6460
121 59 39 2301
89 222 223 49506
159 200 210 42000
103 54 118 6372
33 172 14 2408
80 27 215 5805
57 60 204 12240
166 163 164 26732
173 198 173 34254
218 100 114 11400
209 229 108 24732
204 133 145 19285
214 241 135 32535
240 235 47 11045
192 212 211 44732
85 154 181 27874
205 177 192 33984
49 150 167 25050
69 23 118 2714
197 238 116 27608
225 186 22 4092
182 187 248 46376
77 231 189 43659
38 49 162 7938
111 51 34 1734
55 28 114 3192
128 16 223 3568
193 87 83 7221
15 73 207 15111
95 36 128 4608
142 159 252 40068
28 113 232 26216
252 247 25 6175
107 99 216 21384
187 210 124 26040
51 202 86 17372
195 19 10 190
9 71 230 16330
168 60 166 9960
249 69 184 12696
46 156 242 37752
110 29 117 3393
99 55 131 7205
17 246 23 5658
114 66 229 15114
184 70 158 11060
177 142 245 34790
200 254 120 30480
152 55 122 6710
135 189 245 46305
155 106 18 1908
86 171 39 6669
40 52 193 10036
214 200 242 48400
54 125 198 24750
85 207 66 13662
28 205 133 27265
30 253 157 39721
183 109 168 18312
129 96 136 13056
3 249 195 48555
173 120 124 14880
182 131 27 3537
177 81 98 7938
116 219 105 22995
67 90 193 17370
192 148 168 24864
22 175 49 8575
182 214 82 17548
237 133 175 23275
35 47 154 7238
178 254 218 55372
172 209 129 26961
38 149 77 11473
245 7 219 1533
26 213 143 30459
6 198 157 31086
43 33 78 2574
101 162 14 2268
111 183 223 40809
164 145 173 25085
158 50 63 3150
70 66 237 15642
153 52 0 0
77 246 20 4920
94 3 241 723
217 19 228 4332
198 64 91 5824
145 242 207 50094
165 251 41 10291
34 150 237 35550
89 251 211 52961
237 98 70 6860
133 204 231 47124
173 215 76 16340
108 123 193 23739
78 216 65 14040
177 136 124 16864
207 71 167 11857
95 18 218 3924
159 119 205 24395
203 3 11 33
160 136 45 6120
225 190 69 13110
148 249 188 46812
18 95 134 12730
236 32 237 7584
79 168 25 4200
103 192 84 16128
214 52 178 9256
23 2 39 78
194 140 61 8540
145 111 23 2553
155 32 174 5568
126 199 54 10746
89 103 128 13184
200 198 215 42570
143 140 164 22960
15 48 192 9216
199 103 251 25853
56 195 250 48750
46 192 205 39360
38 220 32 7040
30 14 167 2338
5 245 9 2205
50 41 169 6929
171 69 19 1311
221 168 57 9576
255 34 127 4318
192 233 127 29591
105 0 162 0
56 240 69 16560
167 28 208 5824
209 160 19 3040
175 53 78 4134
98 253 147 37191
182 221 224 49504
166 45 120 5400
130 177 92 16284
187 251 114 28614
195 206 240 49440
51 7 118 826
53 248 57 14136
7 95 229 21755
35 35 241 8435
231 62 255 15810
222 136 25 3400
136 147 143 21021
177 99 136 13464
225 64 168 10752
156 92 77 7084
121 248 52 12896
61 196 112 21952
42 205 66 13530
165 49 231 11319
212 195 85 16575
27 28 223 6244
247 12 37 444
239 143 179 25597
51 182 148 26936
238 7 27 189
29 237 188 44556
232 19 120 2280
103 182 35 6370
87 212 89 18868
81 171 192 32832
112 95 2 190
0 23 35 805
210 175 198 34650
26 93 22 2046
4 178 11 1958
123 236 18 4248
50 219 207 45333
131 228 215 49020
204 141 91 12831
73 12 77 924
29 151 239 36089
188 210 164 34440
197 68 230 15640
219 90 46 4140
25 243 5 1215
133 192 111 21312
212 50 243 12150
147 18 72 1296
165 204 4 816
57 188 87 16356
123 84 232 19488
231 82 223 18286
152 7 218 1526
24 248 201 49848
217 37 88 3256
214 230 170 39100
185 12 157 1884
231 176 211 37136
74 143 187 26741
204 158 88 13904
252 111 133 14763
203 241 92 22172
15 95 34 3230
55 227 200 45400
88 32 27 864
22 181 82 14842
247 98 219 21462
167 112 255 28560
225 127 178 22606
77 193 115 22195
72 148 79 11692
41 21 235 4935
116 41 47 1927
171 203 5 1015
244 82 101 8282
14 123 18 2214
147 125 66 8250
100 25 157 3925
94 90 210 18900
6 123 106 13038
63 208 254 52832
157 220 28 6160
17 151 134 20234
4 90 18 1620
217 112 70 7840
19 6 135 810
191 154 244 37576
6 149 24 3576
244 51 133 6783
181 88 129 11352
142 80 105 8400
96 199 83 16517
119 217 112 24304
83 94 179 16826
110 78 186 14508
89 195 84 16380
70 9 124 1116
130 164 171 28044
203 73 207 15111
127 246 92 22632
135 3 230 690
176 109 143 15587
211 175 82 14350
56 69 47 3243
255 142 16 2272
182 181 69 12489
124 21 142 2982
118 165 226 37290
61 134 0 0
50 116 96 11136
213 224 135 30240
188 251 225 56475
1 166 30 4980
39 17 76 1292
145 50 85 4250
80 53 67 3551
242 146 46 6716
210 41 189 7749
208 23 197 4531
193 168 80 13440
128 39 139 5421
206 129 84 10836
48 240 49 11760
156 172 83 14276
22 6 165 990
107 72 147 10584
19 30 159 4770
106 118 156 18408
132 93 188 17484
74 144 2 288
50 242 25 6050
236 53 217 11501
171 248 221 54808
60 14 162 2268
98 213 75 15975
153 111 150 16650
105 137 29 3973
92 17 145 2465
165 179 98 17542
88 156 17 2652
198 51 21 1071
107 192 255 48960
115 172 34 5848
122 3 66 198
96 91 157 14287
73 152 80 12160
42 250 253 63250
212 204 19 3876
178 145 126 18270
36 35 115 4025
43 91 247 22477
135 47 237 11139
126 32 255 8160
253 110 21 2310
113 199 113 22487
115 72 80 5760
40 151 225 33975
5 112 128 14336
108 205 67 13735
178 73 104 7592
11 249 72 17928
223 85 178 15130
4 129 96 12384
51 17 207 3519
122 31 101 3131
177 205 46 9430
157 58 81 4698
31 102 126 12852
18 99 150 14850
29 230 253 58190
126 97 238 23086
113 116 247 28652
65 142 189 26838
124 38 4 152
129 120 92 11040
208 134 176 23584
22 255 224 57120
92 236 136 32096
252 104 70 7280
175 2 194 388
75 29 2 58
60 8 254 2032
238 15 95 1425
168 170 209 35530
143 254 64 16256
134 151 23 3473
109 9 23 207
20 17 62 1054
24 87 46 4002
205 36 11 396
79 189 156 29484
238 91 139 12649
105 166 115 19090
71 252 36 9072
22 171 19 3249
233 56 13 728
95 158 163 25754
141 209 142 29678
33 244 23 5612
207 34 216 7344
130 211 91 19201
144 146 94 13724
16 42 114 4788
28 213 231 49203
137 165 163 26895
222 137 223 30551
120 89 26 2314
218 15 139 2085
46 113 127 14351
23 181 36 6516
199 85 110 9350
190 137 21 2877
51 246 214 52644
169 105 202 21210
121 69 177 12213
131 52 198 10296
180 5 136 680
211 37 12 444
123 111 198 21978
134 184 246 45264
174 108 202 21816
216 180 13 2340
223 70 45 3150
163 41 131 5371
208 35 196 6860
130 134 96 12864
193 177 61 10797
78 12 125 1500
129 184 109 20056
217 79 220 17380
120 156 163 25428
244 137 14 1918
49 247 164 40508
36 223 158 35234
1 196 26 5096
148 240 174 41760
227 221 147 32487
32 67 94 6298
167 190 108 20520
152 113 136 15368
250 191 64 12224
127 29 246 7134
247 73 168 12264
248 23 38 874
67 182 116 21112
164 64 47 3008
227 213 165 35145
145 6 100 600
156 77 208 16016
205 52 143 7436
182 194 83 16102
146 194 245 47530
44 94 109 10246
221 52 23 1196
174 72 62 4464
235 151 237 35787
50 70 135 9450
62 156 106 16536
22 91 233 21203
53 182 67 12194
59 207 3 621
110 187 62 11594
173 9 10 90
185 118 211 24898
105 144 233 33552
150 231 69 15939
32 209 135 28215
101 39 126 4914
5 121 206 24926
215 40 78 3120
10 131 127 16637
63 211 229 48319
26 78 0 0
213 35 156 5460
46 86 155 13330
13 83 102 8466
82 99 244 24156
132 68 133 9044
242 74 151 11174
65 149 86 12814
15 153 238 36414
50 46 78 3588
31 192 11 2112
42 44 129 5676
205 152 242 36784
213 103 70 7210
215 86 126 10836
88 24 222 5328
182 77 235 18095
150 63 33 2079
214 8 172 1376
79 214 151 32314
134 166 26 4316
157 1 150 150
237 132 22 2904
112 171 56 9576
161 140 192 26880
29 92 59 5428
187 204 202 41208
35 44 53 2332
114 33 14 462
163 19 159 3021
172 18 116 2088
73 17 161 2737
6 59 76 4484
155 227 169 38363
55 207 165 34155
224 59 44 2596
232 31 72 2232
34 180 47 8460
82 37 98 3626
247 2 94 188
62 129 1 129
19 4 218 872
57 118 240 28320
213 195 18 3510
36 188 148 27824
75 143 56 8008
96 69 221 15249
100 169 52 8788
72 78 102 7956
63 66 34 2244
182 76 82 6232
227 187 190 35530
198 150 146 21900
192 98 80 7840
27 221 151 33371
203 38 240 9120
69 208 149 30992
13 247 58 14326
34 125 230 28750
1 203 206 41818
81 80 55 4400
25 127 49 6223
11 190 116 22040
61 12 223 2676
251 253 188 47564
30 208 188 39104
250 92 189 17388
185 210 35 7350
175 17 75 1275
98 76 55 4180
125 155 15 2325
30 226 85 19210
84 14 157 2198
71 75 170 12750
61 223 89 19847
171 96 97 9312
170 3 234 702
152 196 231 45276
2 140 53 7420
166 163 40 6520
223 0 16 0
18 62 230 14260
236 31 50 1550
7 59 114 6726
114 215 5 1075
49 246 100 24600
239 141 102 14382
98 64 51 3264
76 20 127 2540
60 81 185 14985
143 219 51 11169
21 221 2 442
28 62 224 13888
147 132 249 32868
221 254 89 22606
179 27 214 5778
242 78 103 8034
55 128 79 10112
177 245 60 14700
175 241 2 482
30 111 148 16428
154 35 149 5215
41 35 118 4130
76 140 114 15960
74 248 219 54312
168 157 54 8478
97 241 160 38560
196 219 39 8541
214 166 140 23240
20 31 72 2232
115 164 92 15088
182 94 240 22560
231 29 2 58
229 177 202 35754
166 213 123 26199
106 3 48 144
10 70 161 11270
201 33 214 7062
91 206 12 2472
57 175 81 14175
150 132 16 2112
49 57 1 57
9 121 223 26983
135 72 56 4032
162 103 35 3605
242 219 58 12702
249 68 75 5100
189 226 152 34352
101 190 229 43510
215 147 142 20874
122 219 145 31755
129 174 113 19662
187 35 115 4025
64 15 82 1230
111 27 54 1458
239 24 89 2136
210 12 245 2940
248 222 145 32190
27 57 165 9405
26 33 12 396
19 23 219 5037
85 109 183 19947
43 45 4 180
197 254 50 12700
83 150 92 13800
150 62 126 7812
4 100 85 8500
93 240 112 26880
58 89 44 3916
120 105 25 2625
78 166 209 34694
242 101 177 17877
124 25 187 4675
159 192 88 16896
129 23 69 1587
180 19 79 1501
55 18 239 4302
186 45 190 8550
29 206 134 27604
217 206 196 40376
122 207 139 28773
143 207 216 44712
40 87 84 7308
83 89 215 19135
84 239 48 11472
231 75 210 15750
34 162 3 486
181 190 154 29260
76 191 101 19291
237 242 35 8470
33 203 244 49532
3 220 22 4840
249 165 6 990
166 37 122 4514
162 119 223 26537
117 117 27 3159
247 243 113 27459
201 168 165 27720
205 212 5 1060
178 176 43 7568
192 215 104 22360
128 85 22 1870
131 183 111 20313
103 16 172 2752
185 196 234 45864
36 183 175 32025
143 43 105 4515
169 178 206 36668
129 27 81 2187
60 235 205 48175
20 55 64 3520
144 197 187 36839
117 29 173 5017
184 179 146 26134
50 238 62 14756
16 73 5 365
135 20 95 1900
106 219 118 25842
250 189 230 43470
26 11 75 825
63 192 248 47616
196 209 16 3344
148 239 108 25812
243 224 45 10080
17 255 82 20910
216 126 33 4158
174 132 119 15708
211 32 114 3648
225 192 239 45888
140 106 225 23850
39 51 25 1275
193 101 120 12120
212 41 146 5986
28 15 141 2115
251 189 14 2646
173 133 219 29127
88 6 28 168
213 124 48 5952
113 115 52 5980
206 204 104 21216
117 117 168 19656
15 45 176 7920
131 10 75 750
61 126 67 8442
86 207 233 48231
107 42 28 1176
142 157 237 37209
210 140 87 12180
18 217 194 42098
78 94 53 4982
58 2 207 414
62 148 254 37592
191 43 38 1634
157 57 58 3306
170 82 57 4674
105 31 241 7471
184 223 50 11150
185 136 247 33592
231 178 195 34710
14 21 113 2373
45 125 136 17000
189 147 16 2352
138 103 81 8343
148 132 182 24024
236 38 238 9044
246 120 137 16440
168 25 81 2025
46 145 151 21895
111 0 38 0
163 198 153 30294
2 101 50 5050
53 190 123 23370
37 225 15 3375
238 93 176 16368
109 169 39 6591
196 93 127 11811
4 62 252 15624
41 132 197 26004
126 11 28 308
148 84 232 19488
78 84 84 7056
76 75 229 17175
122 203 248 50344
26 18 202 3636
162 152 106 16112
175 35 248 8680
124 202 21 4242
222 208 249 51792
70 92 158 14536
3 186 213 39618
231 89 253 22517
30 12 47 564
179 195 180 35100
150 28 137 3836
14 70 101 7070
163 67 127 8509
98 231 115 26565
199 7 227 1589
34 36 110 3960
226 237 249 59013
213 71 129 9159
198 142 67 9514
91 217 26 5642
86 190 158 30020
231 117 125 14625
145 240 163 39120
105 110 12 1320
28 26 134 3484
88 0 94 0
42 186 229 42594
29 18 131 2358
207 216 78 16848
147 159 10 1590
82 27 95 2565
153 165 110 18150
199 193 59 11387
58 49 160 7840
164 34 134 4556
183 202 48 9696
221 19 45 855
141 109 143 15587
148 70 142 9940
91 252 209 52668
197 75 190 14250
233 78 41 3198
165 204 253 51612
13 103 169 17407
106 140 219 30660
25 69 130 8970
115 255 53 13515
159 194 53 10282
24 99 82 8118
164 118 117 13806
134 147 203 29841
105 170 167 28390
5 235 21 4935
76 98 175 17150
97 50 16 800
175 112 62 6944
109 134 41 5494
195 212 167 35404
128 136 219 29784
251 82 36 2952
57 210 223 46830
119 69 123 8487
91 68 232 15776
216 201 14 2814
244 217 14 3038
93 91 148 13468
178 91 215 19565
165 109 53 5777
119 143 247 35321
175 121 10 1210
154 114 23 2622
160 225 73 16425
205 71 162 11502
28 45 188 8460
219 104 2 208
88 133 15 1995
195 17 218 3706
42 121 17 2057
217 166 26 4316
198 119 12 1428
241 33 8 264
236 118 185 21830
194 167 136 22712
169 204 117 23868
5 123 80 9840
2 38 197 7486
248 197 209 41173
33 15 85 1275
81 227 236 53572
214 152 234 35568
193 69 218 15042
143 249 255 63495
151 3 201 603
20 66 16 1056
44 165 30 4950
171 114 182 20748
19 222 95 21090
106 154 33 5082
70 37 45 1665
229 200 154 30800
201 116 213 24708
129 245 15 3675
125 147 103 15141
1 46 214 9844
17 182 85 15470
58 164 38 6232
84 91 250 22750
237 119 7 833
95 171 171 29241
45 77 148 11396
72 205 25 5125
229 19 238 4522
87 227 36 8172
94 134 54 7236
1 176 126 22176
202 73 89 6497
16 28 165 4620
65 183 164 30012
188 8 33 264
190 182 78 14196
166 51 10 510
240 49 126 6174
247 35 57 1995
3 5 121 605
6 76 192 14592
171 137 247 33839
94 233 115 26795
21 240 215 51600
246 68 165 11220
144 58 163 9454
245 100 113 11300
5 118 163 19234
99 87 31 2697
155 122 125 15250
134 141 133 18753
24 94 129 12126
238 13 122 1586
223 92 59 5428
77 89 174 15486
159 235 233 54755
184 105 135 14175
5 38 213 8094
226 4 211 844
24 224 213 47712
108 84 113 9492
6 244 83 20252
102 156 62 9672
134 182 173 31486
141 70 226 15820
36 141 214 30174
241 207 91 18837
13 27 114 3078
2 55 86 4730
46 133 233 30989
58 249 176 43824
208 175 41 7175
223 197 189 37233
244 147 9 1323
136 104 31 3224
14 250 138 34500
116 165 87 14355
7 51 113 5763
215 241 91 21931
123 175 233 40775
155 78 204 15912
181 127 42 5334
78 185 168 31080
220 39 100 3900
61 228 138 31464
67 74 83 6142
224 60 215 12900
230 24 77 1848
37 98 99 9702
108 126 172 21672
65 161 128 20608
87 148 217 32116
9 11 103 1133
26 183 105 19215
11 65 128 8320
84 74 10 740
214 18 254 4572
99 32 52 1664
49 116 181 20996
5 247 217 53599
59 135 72 9720
198 140 131 18340
163 158 248 39184
110 45 167 7515
119 132 184 24288
166 215 28 6020
66 121 91 11011
144 71 230 16330
102 152 238 36176
7 127 229 29083
5 164 163 26732
192 172 3 516
202 115 213 24495
135 125 240 30000
108 108 8 864
70 67 150 10050
214 211 253 53383
158 105 197 20685
37 218 43 9374
57 53 204 10812
0 174 58 10092
25 205 241 49405
252 253 87 22011
153 233 19 4427
7 160 125 20000
212 200 208 41600
8 120 252 30240
173 60 7 420
65 151 241 36391
182 231 151 34881
19 77 104 8008
158 1 156 156
42 188 89 16732
242 63 164 10332
73 235 199 46765
84 184 140 25760
41 163 168 27384
123 207 8 1656
36 118 93 10974
144 145 3 435
165 182 225 40950
200 20 85 1700
150 85 2 170
75 163 137 22331
71 222 49 10878
201 236 165 38940
120 1 221 221
77 104 47 4888
145 115 74 8510
40 175 234 40950
50 12 100 1200
16 124 252 31248
159 102 2 204
196 139 124 17236
172 111 146 16206
214 150 154 23100
59 172 43 7396
106 31 223 6913
116 24 106 2544
8 198 60 11880
39 237 180 42660
214 91 212 19292
47 179 173 30967
209 240 210 50400
166 109 0 0
233 150 163 24450
68 184 215 39560
251 136 111 15096
76 57 134 7638
42 240 167 40080
199 181 95 17195
9 143 250 35750
6 149 169 25181
130 234 26 6084
163 220 46 10120
148 205 19 3895
108 166 217 36022
51 67 33 2211
11 207 95 19665
234 80 72 5760
69 91 234 21294
26 20 26 520
33 170 56 9520
228 36 120 4320
91 160 179 28640
37 46 37 1702
232 81 104 8424
7 83 134 11122
128 198 235 46530
22 179 240 42960
103 251 131 32881
222 31 65 2015
224 44 63 2772
121 243 198 48114
30 254 186 47244
150 126 147 18522
137 50 182 9100
226 136 218 29648
173 220 222 48840
218 214 233 49862
55 95 73 6935
107 180 208 37440
194 142 151 21442
241 249 225 56025
100 208 190 39520
109 250 140 35000
66 16 224 3584
21 99 58 5742
143 227 197 44719
125 250 62 15500
187 45 198 8910
204 177 247 43719
84 170 36 6120
173 10 145 1450
97 45 139 6255
213 140 101 14140
71 244 119 29036
195 72 49 3528
18 36 249 8964
239 173 216 37368
50 15 134 2010
89 249 125 31125
253 167 247 41249
175 196 127 24892
137 88 109 9592
68 119 40 4760
201 228 134 30552
248 169 98 16562
243 23 163 3749
159 155 14 2170
150 106 49 5194
144 67 216 14472
234 246 43 10578
90 173 147 25431
63 64 91 5824
211 150 135 20250
151 193 252 48636
2 141 59 8319
209 67 202 13534
149 9 155 1395
236 96 173 16608
210 35 138 4830
74 197 116 22852
87 252 69 17388
1 17 100 1700
251 3 30 90
149 98 137 13426
173 137 119 16303
179 233 0 0
47 100 10 1000
198 36 192 6912
238 153 221 33813
123 141 133 18753
115 67 116 7772
146 218 229 49922
29 42 30 1260
139 43 199 8557
37 210 113 23730
16 180 162 29160
24 223 83 18509
46 191 89 16999
75 38 32 1216
182 35 141 4935
254 200 200 40000
97 132 184 24288
30 32 4 128
141 239 115 27485
229 115 241 27715
172 183 179 32757
214 156 166 25896
183 153 226 34578
188 50 175 8750
70 146 29 4234
35 216 107 23112
252 125 242 30250
195 105 174 18270
181 91 135 12285
178 142 38 5396
122 151 252 38052
146 242 172 41624
85 65 188 12220
49 189 213 40257
254 154 0 0
26 59 29 1711
89 150 199 29850
145 248 92 22816
157 36 240 8640
52 60 108 6480
82 66 171 11286
71 201 200 40200
172 11 254 2794
11 224 3 672
235 54 18 972
181 246 103 25338
201 203 124 25172
220 165 30 4950
27 244 203 49532
128 187 180 33660
45 49 246 12054
239 119 212 25228
140 94 133 12502
51 76 133 10108
48 72 141 10152
213 204 98 19992
74 195 205 39975
20 137 116 15892
29 131 150 19650
227 3 186 558
175 38 69 2622
70 3 138 414
55 44 114 5016
238 249 75 18675
141 209 38 7942
32 47 50 2350
11 12 175 2100
71 237 17 4029
157 26 247 6422
203 233 92 21436
247 91 96 8736
249 149 224 33376
39 115 142 16330
34 43 239 10277
250 233 185 43105
65 128 237 30336
242 184 72 13248
197 13 117 1521
189 141 238 33558
78 174 157 27318
110 179 132 23628
127 0 1 0
226 206 76 15656
57 109 145 15805
31 243 101 24543
217 70 98 6860
140 208 151 31408
71 118 241 28438
76 207 199 41193
254 181 142 25702
46 128 166 21248
93 72 247 17784
232 180 129 23220
209 172 72 12384
152 2 61 122
195 195 191 37245
192 182 221 40222
76 84 19 1596
62 91 42 3822
29 7 77 539
230 86 84 7224
27 27 92 2484
202 90 163 14670
165 142 223 31666
93 144 142 20448
121 110 226 24860
229 203 221 44863
173 135 116 15660
5 40 153 6120
73 181 104 18824
65 222 240 53280
84 117 156 18252
200 53 103 5459
120 148 157 23236
234 212 233 49396
136 9 130 1170
5 237 141 33417
145 95 75 7125
205 236 48 11328
59 59 54 3186
60 178 58 10324
161 221 190 41990
137 141 29 4089
233 175 63 11025
250 93 117 10881
76 65 119 7735
117 180 213 38340
73 70 96 6720
7 202 154 31108
48 101 17 1717
241 159 105 16695
82 1 169 169
206 164 22 3608
121 72 115 8280
240 185 48 8880
112 30 193 5790
12 113 98 11074
196 202 54 10908
197 200 99 19800
7 109 114 12426
188 223 61 13603
57 165 88 14520
45 86 250 21500
40 242 117 28314
65 80 45 3600
227 175 34 5950
157 92 199 18308
146 192 126 24192
213 164 55 9020
82 78 86 6708
205 53 208 11024
235 20 138 2760
49 70 220 15400
115 59 157 9263
132 193 241 46513
63 176 104 18304
125 121 87 10527
175 122 47 5734
165 215 177 38055
184 122 134 16348
121 227 22 4994
65 152 195 29640
122 240 99 23760
159 85 252 21420
236 90 117 10530
220 39 185 7215
63 17 128 2176
147 62 221 13702
77 237 193 45741
125 119 133 15827
241 249 67 16683
7 169 189 31941
175 53 108 5724
140 149 94 14006
88 139 134 18626
1 28 126 3528
242 221 140 30940
57 137 39 5343
82 125 220 27500
16 13 95 1235
39 112 153 17136
21 202 157 31714
98 66 238 15708
142 249 69 17181
67 97 103 9991
239 5 194 970
120 52 26 1352
23 197 75 14775
7 95 97 9215
241 15 136 2040
1 5 73 365
73 88 136 11968
46 218 7 1526
250 39 193 7527
50 103 16 1648
189 120 32 3840
217 209 170 35530
61 112 70 7840
144 249 10 2490
68 229 141 32289
55 221 101 22321
25 173 102 17646
195 117 116 13572
101 179 46 8234
119 130 94 12220
59 61 145 8845
155 23 10 230
23 236 16 3776
242 180 62 11160
99 90 69 6210
32 187 80 14960
251 148 102 15096
237 210 168 35280
55 101 141 14241
3 92 171 15732
191 139 225 31275
146 139 220 30580
197 189 117 22113
145 41 254 10414
192 50 100 5000
202 10 105 1050
155 97 184 17848
22 50 213 10650
191 63 216 13608
39 209 135 28215
164 112 72 8064
105 98 27 2646
235 43 229 9847
51 147 96 14112
219 71 187 13277
9 39 189 7371
11 5 226 1130
25 114 19 2166
164 239 145 34655
84 157 218 34226
4 75 171 12825
30 10 61 610
86 254 206 52324
145 130 162 21060
90 249 89 22161
173 19 133 2527
235 140 38 5320
73 67 43 2881
179 165 106 17490
127 78 61 4758
173 8 134 1072
141 196 80 15680
31 143 21 3003
192 193 63 12159
170 56 78 4368
46 5 159 795
149 237 202 47874
243 45 127 5715
157 223 144 32112
173 241 131 31571
195 194 44 8536
62 53 3 159
142 36 102 3672
72 17 54 918
124 97 113 10961
215 31 151 4681
151 218 175 38150
52 170 4 680
102 121 89 10769
225 148 64 9472
180 174 171 29754
28 20 225 4500
228 97 108 10476
139 150 223 33450
201 146 219 31974
218 93 46 4278
64 160 119 19040
107 193 41 7913
244 104 23 2392
116 29 199 5771
28 191 72 13752
23 197 198 39006
20 242 240 58080
89 155 79 12245
26 82 168 13776
5 35 199 6965
153 249 72 17928
220 33 191 6303
201 68 152 10336
164 38 77 2926
141 188 46 8648
240 156 44 6864
210 98 208 20384
186 37 118 4366
226 155 254 39370
37 119 216 25704
100 42 117 4914
0 247 139 34333
254 3 185 555
227 184 124 22816
220 213 25 5325
251 181 104 18824
132 156 161 25116
228 90 212 19080
184 162 247 40014
29 182 43 7826
100 176 25 4400
247 237 106 25122
190 100 111 11100
27 199 31 6169
37 222 186 41292
242 108 166 17928
103 78 191 14898
144 170 234 39780
112 0 185 0
248 94 22 2068
145 253 3 759
211 210 245 51450
224 89 119 10591
236 48 249 11952
101 198 110 21780
20 92 28 2576
9 3 105 315
53 208 18 3744
133 64 202 12928
189 79 150 11850
198 151 42 6342
179 141 171 24111
121 21 45 945
7 24 38 912
0 28 222 6216
231 91 45 4095
253 218 4 872
130 89 63 5607
201 235 53 12455
76 193 79 15247
38 234 58 13572
3 118 110 12980
47 49 134 6566
143 235 3 705
152 14 210 2940
142 16 164 2624
109 125 102 12750
162 45 167 7515
7 227 169 38363
193 154 181 27874
88 162 203 32886
251 158 4 632
222 161 103 16583
98 216 5 1080
213 23 113 2599
38 1 169 169
131 60 202 12120
4 232 133 30856
185 178 76 13528
141 243 134 32562
210 190 53 10070
250 144 237 34128
226 169 48 8112
133 85 203 17255
211 227 120 27240
128 200 59 11800
149 197 190 37430
156 252 2 504
189 246 224 55104
39 138 107 14766
26 231 145 33495
34 151 107 16157
47 234 129 30186
129 217 119 25823
149 192 169 32448
245 224 151 33824
172 188 194 36472
13 15 145 2175
39 204 23 4692
145 5 71 355
88 7 42 294
100 106 159 16854
69 143 233 33319
87 88 134 11792
241 232 105 24360
164 217 246 53382
88 19 88 1672
28 53 4 212
15 19 170 3230
29 3 91 273
148 161 48 7728
244 52 181 9412
159 54 22 1188
58 153 54 8262
29 190 126 23940
63 144 170 24480
157 141 171 24111
177 220 24 5280
87 105 128 13440
245 214 47 10058
17 198 63 12474
238 112 111 12432
141 146 201 29346
46 208 37 7696
76 22 207 4554
188 99 135 13365
197 220 179 39380
244 179 160 28640
98 156 12 1872
52 120 196 23520
225 151 9 1359
76 136 195 26520
234 245 39 9555
249 184 30 5520
245 129 248 31992
219 244 216 52704
220 86 31 2666
59 38 248 9424
154 187 179 33473
146 188 75 14100
128 50 148 7400
117 57 70 3990
160 97 86 8342
235 156 190 29640
238 56 98 5488
211 172 154 26488
177 192 162 31104
197 253 8 2024
210 218 103 22454
155 35 250 8750
72 1 171 171
177 195 250 48750
111 99 133 13167
25 162 244 39528
71 6 245 1470
179 102 123 12546
204 237 88 20856
53 190 59 11210
228 127 23 2921
114 38 136 5168
156 164 119 19516
146 150 85 12750
171 77 148 11396
245 164 249 40836
108 92 235 21620
236 19 132 2508
211 52 252 13104
159 191 149 28459
13 85 239 20315
174 99 244 24156
197 199 67 13333
109 177 89 15753
68 77 234 18018
210 178 38 6764
233 144 97 13968
175 105 4 420
169 253 199 50347
156 179 42 7518
42 129 127 16383
229 250 42 10500
225 218 153 33354
197 238 45 10710
111 85 149 12665
233 67 100 6700
227 182 187 34034
42 71 209 14839
84 158 209 33022
223 202 209 42218
161 93 78 7254
217 28 156 4368
243 148 89 13172
13 220 212 46640
224 51 235 11985
18 133 129 17157
50 177 236 41772
248 0 13 0
190 149 45 6705
48 163 25 4075
225 170 134 22780
111 99 64 6336
103 113 129 14577
217 40 37 1480
23 174 85 14790
19 129 103 13287
44 104 36 3744
68 205 39 7995
220 191 221 42211
21 67 20 1340
156 154 147 22638
240 187 29 5423
101 156 11 1716
13 60 65 3900
243 120 140 16800
190 114 62 7068
171 227 182 41314
34 195 1 195
208 132 94 12408
214 186 4 744
199 81 68 5508
80 25 204 5100
96 38 182 6916
176 45 245 11025
91 116 128 14848
27 57 140 7980
165 88 188 16544
16 20 180 3600
253 124 86 10664
40 80 192 15360
4 144 109 15696
67 129 74 9546
230 64 206 13184
25 124 239 29636
21 237 59 13983
154 173 181 31313
219 147 70 10290
173 201 79 15879
166 165 226 37290
39 147 177 26019
90 200 244 48800
23 104 182 18928
16 174 140 24360
182 204 198 40392
8 131 154 20174
157 49 192 9408
190 171 40 6840
14 173 146 25258
90 193 138 26634
116 91 65 5915
250 24 7 168
105 158 87 13746
130 42 221 9282
219 122 237 28914
249 185 183 33855
48 189 199 37611
156 149 238 35462
118 185 69 12765
41 63 36 2268
251 178 14 2492
25 220 29 6380
236 87 196 17052
186 60 236 14160
199 212 32 6784
106 226 193 43618
195 103 74 7622
121 73 1 73
68 241 125 30125
110 122 225 27450
199 148 195 28860
133 147 116 17052
225 36 170 6120
104 231 247 57057
44 123 81 9963
135 52 239 12428
214 102 2 204
243 142 211 29962
121 39 211 8229
246 64 85 5440
23 138 186 25668
92 156 211 32916
229 169 144 24336
1 24 66 1584
121 160 153 24480
194 66 105 6930
123 217 242 52514
42 234 86 20124
154 151 52 7852
72 158 90 14220
151 99 208 20592
224 108 250 27000
134 60 215 12900
113 34 81 2754
141 137 36 4932
205 125 223 27875
212 61 44 2684
43 10 181 1810
94 189 215 40635
4 173 122 21106
0 92 47 4324
25 1 199 199
185 132 206 27192
110 13 192 2496
11 242 81 19602
36 14 254 3556
52 137 53 7261
117 56 34 1904
80 167 234 39078
67 195 166 32370
202 0 9 0
242 162 203 32886
169 111 228 25308
138 169 183 30927
152 61 235 14335
84 31 24 744
194 199 165 32835
112 229 242 55418
212 148 35 5180
18 182 88 16016
188 49 60 2940
101 47 66 3102
13 114 243 27702
82 166 197 32702
5 237 207 49059
148 244 81 19764
169 188 29 5452
218 185 193 35705
118 248 68 16864
244 201 104 20904
154 103 182 18746
54 200 85 17000
174 73 46 3358
148 19 139 2641
98 88 44 3872
42 142 230 32660
173 74 249 18426
39 244 212 51728
74 125 149 18625
89 177 57 10089
179 149 89 13261
205 120 15 1800
222 44 58 2552
54 14 168 2352
90 240 239 57360
35 0 151 0
172 187 99 18513
43 67 165 11055
242 137 61 8357
142 237 111 26307
60 95 100 9500
8 130 112 14560
28 117 203 23751
196 144 164 23616
82 73 231 16863
174 148 20 2960
170 102 154 15708
154 82 225 18450
98 254 124 31496
251 43 167 7181
181 172 200 34400
20 31 83 2573
84 246 93 22878
247 108 194 20952
254 110 133 14630
170 23 191 4393
120 120 134 16080
64 188 61 11468
137 41 53 2173
215 119 224 26656
204 181 244 44164
178 202 47 9494
119 104 229 23816
231 196 6 1176
108 34 60 2040
91 220 37 8140
36 196 243 47628
1 57 235 13395
89 26 80 2080
157 94 160 15040
129 30 249 7470
114 115 216 24840
109 179 141 25239
164 167 213 35571
178 28 250 7000
60 90 248 22320
158 223 7 1561
10 14 160 2240
234 225 207 46575
222 82 252 20664
114 199 24 4776
200 44 200 8800
134 16 210 3360
101 162 239 38718
194 99 38 3762
96 115 121 13915
105 2 204 408
178 36 90 3240
72 94 179 16826
253 150 239 35850
28 13 69 897
155 240 46 11040
171 153 40 6120
189 19 90 1710
41 234 88 20592
130 44 191 8404
233 247 91 22477
120 252 102 25704
9 250 165 41250
45 215 237 50955
10 195 82 15990
194 230 70 16100
113 117 191 22347
36 30 142 4260
117 127 7 889
190 117 125 14625
223 166 220 36520
183 41 37 1517
170 128 45 5760
31 64 235 15040
6 183 148 27084
151 144 14 2016
202 218 142 30956
92 228 20 4560
122 189 219 41391
179 29 236 6844
103 136 166 22576
50 102 179 18258
156 6 60 360
85 200 83 16600
141 219 127 27813
95 206 126 25956
198 161 87 14007
125 239 177 42303
16 36 206 7416
156 0 59 0
186 46 157 7222
123 213 130 27690
23 164 79 12956
218 220 2 440
72 232 74 17168
210 94 179 16826
232 179 93 16647
193 153 212 32436
62 239 162 38718
76 8 86 688
245 47 212 9964
101 94 92 8648
148 218 111 24198
89 43 135 5805
39 40 43 1720
74 34 4 136
216 124 185 22940
173 116 157 18212
106 200 204 40800
155 197 59 11623
214 245 199 48755
25 158 149 23542
120 136 182 24752
165 110 5 550
139 252 86 21672
168 115 186 21390
234 144 85 12240
153 38 194 7372
76 107 24 2568
252 2 153 306
123 109 161 17549
130 181 67 12127
50 11 111 1221
235 33 36 1188
158 250 117 29250
132 188 10 1880
200 161 106 17066
85 38 36 1368
67 136 48 6528
86 19 224 4256
247 56 0 0
71 225 227 51075
229 79 146 11534
1 101 156 15756
49 176 139 24464
85 220 26 5720
215 24 207 4968
218 8 49 392
220 134 135 18090
52 214 24 5136
208 43 248 10664
189 33 249 8217
0 229 139 31831
150 124 51 6324
179 118 139 16402
138 248 64 15872
52 237 135 31995
74 105 116 12180
163 255 88 22440
229 152 20 3040
197 67 63 4221
147 96 125 12000
70 140 150 21000
41 171 74 12654
40 217 7 1519
199 199 189 37611
88 143 69 9867
172 147 212 31164
162 254 191 48514
44 103 215 22145
115 87 198 17226
57 204 65 13260
52 167 17 2839
14 98 78 7644
29 116 184 21344
202 128 148 18944
204 255 234 59670
36 116 117 13572
18 106 20 2120
133 107 74 7918
170 45 54 2430
211 110 150 16500
139 250 154 38500
165 15 241 3615
223 164 101 16564
96 111 238 26418
31 154 108 16632
62 44 125 5500
7 52 49 2548
150 143 99 14157
255 121 193 23353
202 73 28 2044
131 184 0 0
245 199 64 12736
168 71 151 10721
42 52 89 4628
155 10 239 2390
101 28 127 3556
56 140 253 35420
185 236 90 21240
0 207 214 44298
100 208 89 18512
21 35 58 2030
209 142 59 8378
14 153 150 22950
174 117 67 7839
190 248 56 13888
158 127 170 21590
66 62 161 9982
48 48 43 2064
240 5 54 270
38 218 195 42510
254 119 201 23919
47 76 244 18544
252 138 173 23874
153 28 45 1260
123 187 77 14399
180 3 46 138
103 139 130 18070
213 13 117 1521
14 93 32 2976
58 136 25 3400
195 143 109 15587
60 241 169 40729
158 228 123 28044
154 88 220 19360
204 150 168 25200
186 239 56 13384
100 170 166 28220
53 193 1 193
198 90 220 19800
16 193 9 1737
229 183 3 549
99 178 52 9256
21 202 72 14544
102 156 217 33852
45 223 91 20293
28 196 61 11956
29 195 50 9750
16 97 217 21049
77 25 108 2700
228 137 58 7946
92 17 146 2482
159 5 135 675
23 34 178 6052
251 20 32 640
196 165 252 41580
43 62 204 12648
197 82 116 9512
115 94 200 18800
206 222 23 5106
87 212 110 23320
18 119 190 22610
68 28 100 2800
155 196 93 18228
56 71 212 15052
141 3 142 426
107 253 79 19987
215 209 205 42845
192 155 240 37200
86 68 159 10812
6 102 32 3264
194 51 80 4080
151 38 54 2052
91 109 92 10028
49 191 112 21392
153 217 232 50344
29 168 246 41328
79 174 216 37584
6 77 227 17479
251 67 100 6700
57 194 139 26966
48 215 40 8600
116 152 79 12008
96 48 139 6672
194 63 185 11655
31 170 19 3230
1 32 91 2912
131 199 180 35820
141 179 107 19153
226 245 45 11025
22 106 249 26394
244 156 49 7644
232 94 145 13630
78 154 101 15554
253 228 128 29184
29 193 184 35512
10 12 54 648
47 37 200 7400
4 58 49 2842
163 104 72 7488
207 87 119 10353
226 68 171 11628
17 73 145 10585
165 252 120 30240
101 183 123 22509
53 134 25 3350
100 70 11 770
51 128 2 256
126 202 181 36562
197 171 87 14877
41 143 17 2431
40 89 20 1780
224 148 249 36852
59 194 74 14356
95 195 172 33540
53 28 170 4760
201 142 102 14484
74 56 235 13160
176 139 92 12788
21 47 33 1551
226 131 227 29737
236 51 69 3519
110 166 220 36520
187 125 18 2250
93 29 6 174
213 106 41 4346
223 113 6 678
59 35 171 5985
208 129 62 7998
66 96 209 20064
235 247 210 51870
168 47 37 1739
1 128 107 13696
116 191 107 20437
8 56 145 8120
49 157 101 15857
239 255 187 47685
109 240 228 54720
102 184 101 18584
122 142 240 34080
35 164 198 32472
233 254 241 61214
86 75 3 225
56 202 20 4040
159 193 237 45741
100 0 172 0
172 15 31 465
84 168 120 20160
239 184 133 24472
105 69 212 14628
10 19 175 3325
27 204 217 44268
96 172 144 24768
2 133 240 31920
20 132 45 5940
208 222 103 22866
182 192 171 32832
80 80 36 2880
71 208 158 32864
198 52 179 9308
199 13 250 3250
131 17 1 17
182 137 250 34250
253 49 171 8379
221 8 78 624
103 75 152 11400
203 78 46 3588
66 101 219 22119
184 73 28 2044
213 52 17 884
130 106 191 20246
180 54 171 9234
115 111 144 15984
26 209 115 24035
45 205 163 33415
27 70 131 9170
57 6 23 138
146 119 24 2856
54 5 88 440
52 14 177 2478
173 166 26 4316
117 135 224 30240
141 232 122 28304
112 90 21 1890
25 94 164 15416
10 85 169 14365
105 194 214 41516
212 72 205 14760
214 171 156 26676
75 146 51 7446
227 215 144 30960
139 49 136 6664
133 146 15 2190
149 93 24 2232
211 24 147 3528
174 218 45 9810
139 1 190 190
144 137 13 1781
234 35 57 1995
82 219 172 37668
205 103 234 24102
95 47 90 4230
17 128 59 7552
211 78 34 2652
172 145 95 13775
11 119 151 17969
0 26 218 5668
95 187 52 9724
67 199 190 37810
45 162 168 27216
33 251 78 19578
197 67 164 10988
223 39 15 585
218 91 250 22750
166 76 110 8360
126 12 55 660
191 64 133 8512
211 63 255 16065
232 139 161 22379
252 236 203 47908
13 242 147 35574
237 170 231 39270
2 14 4 56
49 88 179 15752
27 132 48 6336
190 195 159 31005
174 183 220 40260
98 142 86 12212
225 6 102 612
136 201 14 2814
94 249 61 15189
46 0 7 0
182 233 33 7689
105 159 142 22578
158 10 251 2510
217 3 38 114
78 220 53 11660
195 150 168 25200
168 105 208 21840
221 185 119 22015
244 232 176 40832
233 122 20 2440
72 147 207 30429
178 60 193 11580
8 206 97 19982
12 222 240 53280
242 0 8 0
220 11 170 1870
186 160 167 26720
100 171 63 10773
33 100 124 12400
54 185 209 38665
7 158 127 20066
161 230 164 37720
242 35 67 2345
125 210 45 9450
244 82 200 16400
148 193 94 18142
0 20 250 5000
31 17 165 2805
10 238 216 51408
25 229 134 30686
130 122 114 13908
69 192 239 45888
17 228 68 15504
71 253 136 34408
162 63 151 9513
30 110 173 19030
16 199 235 46765
218 134 223 29882
109 114 158 18012
197 131 215 28165
68 223 97 21631
20 37 213 7881
114 85 3 255
0 222 15 3330
232 161 20 3220
248 107 104 11128
95 98 189 18522
229 66 241 15906
98 212 117 24804
33 141 113 15933
255 219 131 28689
215 126 199 25074
54 0 38 0
162 172 159 27348
101 71 206 14626
109 72 58 4176
47 47 243 11421
13 68 47 3196
136 61 102 6222
17 188 123 23124
236 217 48 10416
173 77 51 3927
241 112 96 10752
220 21 178 3738
172 15 81 1215
0 148 33 4884
168 249 87 21663
175 170 166 28220
89 230 202 46460
115 90 158 14220
91 231 238 54978
149 42 173 7266
211 38 41 1558
96 45 140 6300
207 4 133 532
88 27 214 5778
126 51 113 5763
76 6 81 486
139 232 57 13224
97 144 85 12240
14 59 184 10856
92 164 104 17056
195 67 34 2278
212 41 46 1886
145 161 3 483
25 39 45 1755
130 103 200 20600
236 80 37 2960
188 168 96 16128
101 240 229 54960
27 20 229 4580
147 177 228 40356
122 98 69 6762
188 183 12 2196
209 135 97 13095
69 250 110 27500
177 219 40 8760
174 237 226 53562
196 196 138 27048
37 211 195 41145
87 129 95 12255
155 83 56 4648
31 34 147 4998
96 32 212 6784
181 215 57 12255
177 219 118 25842
127 24 79 1896
194 118 168 19824
250 90 92 8280
35 190 240 45600
165 70 46 3220
150 218 207 45126
2 178 96 17088
171 221 106 23426
95 198 119 23562
193 192 7 1344
103 28 172 4816
65 92 232 21344
179 180 199 35820
33 66 45 2970
200 22 145 3190
28 124 187 23188
77 251 201 50451
35 160 101 16160
89 76 164 12464
233 185 200 37000
42 97 55 5335
162 248 140 34720
171 194 96 18624
74 36 26 936
133 213 16 3408
7 69 222 15318
188 67 251 16817
145 2 170 340
2 247 26 6422
158 157 227 35639
66 8 136 1088
189 164 109 17876
25 232 155 35960
53 166 158 26228
51 172 78 13416
181 137 158 21646
196 84 83 6972
250 89 248 22072
151 79 102 8058
195 177 77 13629
107 188 188 35344
150 251 105 26355
146 9 155 1395
82 67 40 2680
15 7 132 924
133 88 233 20504
172 145 125 18125
235 98 136 13328
181 75 74 5550
184 64 22 1408
98 46 198 9108
109 75 190 14250
21 216 152 32832
242 71 165 11715
159 140 221 30940
178 33 131 4323
133 13 76 988
183 25 98 2450
194 77 140 10780
94 60 29 1740
63 114 198 22572
217 15 209 3135
211 71 61 4331
3 159 53 8427
206 207 170 35190
101 190 2 380
195 179 57 10203
95 95 0 0
233 103 8 824
70 194 37 7178
45 234 93 21762
151 39 128 4992
124 109 74 8066
146 69 232 16008
1 68 133 9044
211 184 174 32016
56 241 143 34463
200 29 190 5510
50 37 139 5143
23 161 236 37996
92 13 74 962
75 35 109 3815
160 72 128 9216
100 62 169 10478
194 80 27 2160
31 213 221 47073
66 74 44 3256
15 245 85 20825
44 107 237 25359
226 47 31 1457
152 121 196 23716
96 175 135 23625
208 25 80 2000
12 197 188 37036
80 221 234 51714
110 149 108 16092
32 83 24 1992
106 36 63 2268
54 135 233 31455
57 12 114 1368
222 180 54 9720
215 107 4 428
97 25 49 1225
8 242 53 12826
96 42 213 8946
61 36 66 2376
155 150 16 2400
5 25 169 4225
31 222 184 40848
204 104 86 8944
16 106 178 18868
22 4 136 544
134 100 211 21100
120 50 82 4100
58 188 91 17108
253 224 254 56896
248 38 39 1482
184 2 197 394
11 243 226 54918
178 197 147 28959
34 13 226 2938
124 181 204 36924
92 134 113 15142
255 45 88 3960
130 113 182 20566
110 163 89 14507
150 7 122 854
93 180 85 15300
55 67 120 8040
109 250 194 48500
158 114 252 28728
14 17 49 833
11 120 253 30360
70 89 140 12460
5 178 247 43966
124 84 34 2856
190 184 49 9016
180 176 120 21120
111 116 45 5220
208 97 23 2231
148 71 120 8520
154 86 206 17716
67 47 26 1222
212 172 35 6020
32 50 72 3600
127 107 233 24931
149 115 52 5980
13 54 45 2430
82 190 7 1330
74 112 2 224
80 113 103 11639
20 199 213 42387
190 13 33 429
62 36 65 2340
167 203 203 41209
52 109 169 18421
47 17 109 1853
55 161 1 161
188 157 167 26219
73 52 136 7072
107 182 194 35308
38 182 98 17836
146 203 170 34510
216 38 85 3230
72 74 212 15688
202 133 20 2660
48 140 104 14560
105 133 224 29792
239 47 83 3901
176 96 98 9408
22 55 18 990
44 71 16 1136
110 196 70 13720
108 225 124 27900
228 76 121 9196
204 209 85 17765
132 144 164 23616
24 72 9 648
72 197 69 13593
141 248 77 19096
168 176 51 8976
13 24 236 5664
40 158 113 17854
172 52 180 9360
90 130 165 21450
224 244 86 20984
16 161 10 1610
247 38 145 5510
173 146 240 35040
160 182 12 2184
221 119 40 4760
170 77 157 12089
20 196 237 46452
77 208 249 51792
140 236 43 10148
246 108 3 324
52 155 194 30070
58 250 231 57750
129 5 74 370
189 53 75 3975
168 215 231 49665
173 249 39 9711
54 173 19 3287
130 154 135 20790
237 186 121 22506
255 137 10 1370
153 180 116 20880
172 221 8 1768
149 139 251 34889
62 197 235 46295
10 118 116 13688
222 36 209 7524
148 219 57 12483
242 185 171 31635
80 199 243 48357
69 100 76 7600
132 226 27 6102
156 102 47 4794
97 40 63 2520
18 181 213 38553
138 209 223 46607
218 180 14 2520
108 45 247 11115
55 242 138 33396
133 93 154 14322
193 183 126 23058
43 45 36 1620
96 148 81 11988
121 136 240 32640
118 38 124 4712
103 44 149 6556
52 207 41 8487
58 177 18 3186
15 24 58 1392
203 5 123 615
204 238 181 43078
91 222 249 55278
168 1 205 205
237 218 68 14824
115 235 5 1175
89 71 224 15904
200 235 23 5405
153 192 187 35904
160 82 166 13612
3 38 7 266
245 248 241 59768
96 166 96 15936
48 87 237 20619
44 190 165 31350
148 23 156 3588
97 134 5 670
232 52 127 6604
147 170 45 7650
7 5 105 525
85 207 169 34983
42 200 36 7200
18 103 197 20291
1 135 167 22545
225 17 152 2584
245 109 205 22345
6 35 3 105
43 229 205 46945
23 234 195 45630
34 25 226 5650
253 198 234 46332
252 169 232 39208
76 48 92 4416
220 183 209 38247
166 64 36 2304
213 152 70 10640
33 95 181 17195
96 199 211 41989
244 21 128 2688
92 241 98 23618
204 68 90 6120
246 52 0 0
148 39 173 6747
25 228 19 4332
166 234 108 25272
47 117 149 17433
145 194 55 10670
86 85 240 20400
249 196 64 12544
96 230 131 30130
69 237 195 46215
50 210 6 1260
11 28 55 1540
94 104 59 6136
130 238 134 31892
7 209 188 39292
101 187 224 41888
122 54 185 9990
1 30 11 330
254 45 5 225
104 217 75 16275
191 10 207 2070
10 239 37 8843
239 227 200 45400
19 70 175 12250
106 112 178 19936
100 58 49 2842
125 8 140 1120
13 217 63 13671
170 105 201 21105
127 205 145 29725
114 14 103 1442
249 25 72 1800
152 67 180 12060
223 52 101 5252
87 55 39 2145
250 42 143 6006
121 182 155 28210
203 198 138 27324
131 89 194 17266
233 50 249 12450
185 54 67 3618
215 86 243 20898
251 99 211 20889
26 11 171 1881
40 237 201 47637
150 76 204 15504
85 17 206 3502
242 167 66 11022
237 2 104 208
64 230 211 48530
61 52 184 9568
166 67 144 9648
70 120 154 18480
125 94 4 376
114 118 254 29972
108 46 96 4416
50 47 143 6721
90 154 35 5390
183 137 8 1096
89 136 226 30736
65 17 200 3400
204 131 71 9301
187 121 122 14762
126 62 87 5394
157 125 246 30750
101 167 166 27722
72 51 168 8568
64 69 254 17526
89 243 20 4860
85 18 162 2916
170 85 89 7565
247 22 62 1364
248 0 194 0
163 104 20 2080
98 56 192 10752
202 105 20 2100
64 108 228 24624
171 71 215 15265
11 59 183 10797
201 53 190 10070
65 162 123 19926
218 219 152 33288
140 81 61 4941
75 230 167 38410
159 95 194 18430
168 194 220 42680
126 205 50 10250
138 224 149 33376
39 158 140 22120
215 33 82 2706
223 108 80 8640
124 52 18 936
145 194 220 42680
234 6 90 540
248 163 108 17604
243 161 23 3703
146 5 198 990
231 1 213 213
139 42 238 9996
247 205 255 52275
37 32 133 4256
79 253 46 11638
65 201 142 28542
99 196 170 33320
26 59 220 12980
93 99 168 16632
82 97 81 7857
190 176 239 42064
222 22 176 3872
127 113 233 26329
117 60 194 11640
91 218 71 15478
140 120 230 27600
17 214 198 42372
10 153 116 17748
179 225 183 41175
52 216 122 26352
96 146 81 11826
133 114 182 20748
1 56 254 14224
106 73 224 16352
222 12 32 384
29 144 152 21888
31 229 255 58395
18 171 159 27189
161 117 223 26091
181 209 30 6270
160 119 112 13328
106 15 42 630
33 91 24 2184
10 183 195 35685
46 72 196 14112
88 106 1 106
50 144 65 9360
30 53 49 2597
36 244 85 20740
245 125 8 1000
63 61 6 366
228 181 62 11222
110 25 213 5325
89 4 38 152
200 65 216 14040
43 108 41 4428
161 79 246 19434
167 29 34 986
29 207 181 37467
207 226 20 4520
86 106 87 9222
91 250 185 46250
92 71 57 4047
30 187 197 36839
203 238 178 42364
211 201 3 603
168 83 229 19007
136 203 152 30856
187 211 67 14137
28 227 7 1589
171 69 174 12006
139 89 200 17800
124 122 123 15006
254 52 155 8060
77 176 200 35200
220 178 222 39516
90 238 229 54502
74 234 129 30186
181 68 180 12240
217 241 120 28920
51 94 87 8178
98 96 191 18336
128 238 135 32130
46 13 63 819
84 218 93 20274
8 76 62 4712
64 48 125 6000
198 35 34 1190
146 77 226 17402
106 39 166 6474
55 189 189 35721
244 4 215 860
171 186 31 5766
110 221 120 26520
84 88 109 9592
226 2 148 296
221 187 201 37587
58 181 108 19548
109 238 249 59262
57 246 8 1968
199 54 117 6318
7 130 12 1560
190 240 159 38160
17 148 160 23680
128 96 78 7488
38 11 145 1595
162 246 62 15252
26 243 247 60021
246 247 250 61750
82 183 253 46299
144 145 95 13775
11 87 157 13659
136 186 201 37386
56 123 120 14760
87 112 131 14672
74 65 12 780
229 44 31 1364
68 8 239 1912
157 182 175 31850
221 185 231 42735
38 138 35 4830
173 48 235 11280
149 153 53 8109
144 217 116 25172
42 10 168 1680
195 153 174 26622
0 62 197 12214
104 157 92 14444
50 85 91 7735
119 166 148 24568
101 212 179 37948
70 233 161 37513
188 70 46 3220
42 161 167 26887
148 238 137 32606
223 218 223 48614
164 227 3 681
186 44 131 5764
88 37 208 7696
219 82 198 16236
120 155 156 24180
202 233 108 25164
123 238 26 6188
75 189 215 40635
26 193 194 37442
81 103 172 17716
254 184 82 15088
80 41 93 3813
156 72 180 12960
101 79 50 3950
153 74 72 5328
8 133 175 23275
87 192 210 40320
72 208 104 21632
112 90 119 10710
188 55 163 8965
76 144 137 19728
179 71 84 5964
24 112 25 2800
72 228 85 19380
192 117 129 15093
97 50 242 12100
201 253 108 27324
202 123 25 3075
18 59 5 295
223 87 207 18009
227 183 70 12810
141 131 189 24759
146 185 178 32930
233 167 47 7849
214 55 54 2970
3 88 166 14608
98 8 18 144
198 46 152 6992
188 49 212 10388
93 226 125 28250
90 131 41 5371
211 172 187 32164
76 87 193 16791
235 238 156 37128
179 195 101 19695
254 235 58 13630
30 224 100 22400
177 27 224 6048
6 18 166 2988
150 1 157 157
217 143 249 35607
28 137 248 33976
90 149 134 19966
97 84 254 21336
64 26 104 2704
183 127 49 6223
82 209 212 44308
255 207 243 50301
125 218 98 21364
41 64 134 8576
146 124 77 9548
126 101 188 18988
172 180 194 34920
114 41 231 9471
113 133 156 20748
61 198 173 34254
170 70 33 2310
102 15 200 3000
229 101 148 14948
5 97 221 21437
31 86 186 15996
105 215 237 50955
170 167 172 28724
100 153 15 2295
201 119 128 15232
108 86 116 9976
180 181 186 33666
76 74 224 16576
10 252 125 31500
39 106 34 3604
215 229 243 55647
236 126 49 6174
180 33 110 3630
152 88 242 21296
206 195 35 6825
215 19 108 2052
155 187 119 22253
219 230 104 23920
40 50 159 7950
129 60 177 10620
251 138 144 19872
224 109 191 20819
180 169 90 15210
233 148 209 30932
135 55 235 12925
93 90 124 11160
67 244 108 26352
61 162 239 38718
221 167 33 5511
144 187 21 3927
89 30 57 1710
207 25 204 5100
25 50 81 4050
102 201 242 48642
