3 11
13
27 22 10 14 12 22 12 2 
3 22 10 20 12 22 12 29 

11 3
9
23 12 13 14 21 14 26 0 
23 12 28 26 21 26 14 0 

13 11
113
70 126 138 13 87 31 87 65 
5 3 8 117 120 70 120 65 

11 13
19
59 40 54 138 40 127 6 5 
58 118 76 57 118 101 46 86 

11 13
59
95 30 35 104 90 57 133 119 
140 62 94 130 116 138 100 137 

7 5
19
31 15 28 20 20 15 17 19 
31 15 7 20 20 15 3 19 

5 2
3
9 2 3 5 8 2 4 3 
9 8 7 5 2 8 4 7 

5 2
3
9 7 4 3 4 1 1 6 
9 3 4 7 4 1 1 6 

13 3
5
19 26 15 32 15 10 23 15 
28 26 6 2 6 4 17 6 

2 11
9
9 9 12 6 4 17 0 6 
5 5 12 2 14 13 0 2 

13 11
7
99 35 15 142 67 82 28 34 
44 74 141 142 89 4 128 122 

11 13
77
25 20 97 73 101 62 2 22 
38 102 80 112 30 134 19 55 

13 11
109
3 112 66 121 109 49 23 126 
81 138 66 121 109 75 23 9 

5 7
17
5 10 22 14 4 13 13 14 
10 5 22 14 9 13 13 14 

2 5
3
9 2 9 4 5 3 6 3 
9 8 9 4 5 7 6 7 

13 11
49
71 127 13 109 87 66 24 102 
97 101 39 109 87 66 50 37 

2 7
5
0 13 2 5 9 1 6 4 
0 13 4 3 11 1 6 2 

7 11
29
16 76 11 45 65 37 2 11 
53 76 44 12 32 25 39 44 

2 7
5
0 11 4 3 13 13 12 0 
0 9 2 5 13 13 10 0 

5 13
37
30 40 6 64 5 53 53 62 
30 40 6 64 5 53 53 62 

13 2
7
10 2 14 24 20 0 24 9 
10 24 14 2 6 0 2 9 

11 7
47
56 11 64 26 60 43 21 20 
56 44 36 31 37 43 21 69 

3 7
5
0 8 0 15 0 2 19 6 
0 8 0 15 0 11 10 6 

2 13
11
12 16 3 24 4 3 1 11 
12 22 9 6 10 9 1 19 

3 5
5
12 9 11 14 2 2 8 8 
12 9 11 14 2 2 8 8 

3 11
11
28 11 31 5 24 22 32 26 
28 11 31 5 24 22 32 26 

7 11
41
33 25 47 65 46 65 26 45 
66 58 3 32 2 32 59 12 

5 13
7
12 27 43 24 45 10 9 5 
38 53 17 54 20 10 9 60 

2 11
9
11 13 8 0 3 3 6 5 
11 17 18 0 15 15 2 9 

13 2
5
3 23 21 0 0 13 13 20 
9 17 21 0 0 13 13 24 

5 2
3
3 8 5 4 6 2 1 3 
7 2 5 4 6 8 1 7 

5 3
5
2 0 8 3 7 0 12 14 
2 0 8 3 7 0 12 14 

3 13
5
25 17 28 4 30 15 10 13 
25 23 19 10 36 6 4 13 

7 11
29
26 27 66 44 70 39 41 37 
3 20 33 11 14 2 62 25 

13 7
19
19 57 15 24 31 50 49 39 
33 8 50 80 73 15 49 39 

5 3
5
0 4 2 12 14 4 4 13 
0 4 2 12 14 4 4 13 

11 5
37
10 37 25 22 7 2 13 13 
10 42 5 22 2 52 8 8 

7 2
5
6 1 7 3 5 10 5 4 
6 1 7 5 3 12 3 2 

2 5
3
7 4 2 0 3 1 5 0 
3 4 8 0 7 1 5 0 

13 7
43
18 84 8 21 82 88 80 80 
60 7 57 70 82 88 24 24 

2 5
3
6 3 0 4 5 4 2 2 
6 7 0 4 5 4 8 8 

11 7
23
64 32 39 39 0 13 16 38 
15 65 30 30 0 62 25 47 

11 3
19
20 17 30 32 25 23 14 18 
5 2 18 32 4 23 26 30 

11 2
7
18 4 12 3 10 14 14 1 
2 20 12 5 10 16 16 1 

11 3
3
2 9 29 13 24 2 32 9 
29 15 17 7 18 29 32 15 

5 11
23
43 20 31 42 46 16 34 50 
32 15 26 48 51 36 34 30 

3 7
5
16 20 12 11 19 9 0 6 
4 20 3 2 10 18 0 6 

3 5
3
9 0 2 7 0 2 7 5 
9 0 8 13 0 8 13 5 

5 2
3
0 3 0 7 5 5 2 6 
0 7 0 3 5 5 8 6 

11 2
3
8 7 17 0 10 4 3 6 
2 17 19 0 10 16 9 8 

3 11
9
20 26 14 9 29 5 30 32 
5 14 26 27 8 20 18 32 

7 5
13
3 31 21 17 9 4 29 26 
3 31 21 17 9 4 29 26 

13 2
5
19 9 5 23 24 14 6 6 
15 3 5 17 20 14 2 2 

11 13
103
42 47 21 125 57 99 51 35 
81 31 109 5 73 44 116 139 

7 5
19
22 28 3 5 22 31 9 10 
8 7 17 5 8 31 9 10 

5 11
39
35 42 34 6 32 52 52 13 
50 38 34 46 43 18 18 17 

5 7
5
17 29 0 21 22 16 13 20 
12 29 0 21 22 11 13 20 

3 11
3
27 27 20 30 14 11 32 23 
3 3 26 24 20 11 32 23 

3 5
5
4 14 8 14 5 5 5 9 
4 14 8 14 5 5 5 9 

13 3
13
19 9 30 27 21 2 24 24 
19 9 30 27 21 2 24 24 

2 5
3
7 9 9 8 3 5 0 6 
3 9 9 2 7 5 0 6 

7 5
11
18 4 7 9 33 17 4 2 
2 9 28 4 17 33 9 18 

5 2
3
3 8 9 0 5 6 8 9 
7 2 9 0 5 6 2 9 

7 11
47
25 20 10 73 14 55 67 66 
16 69 54 68 49 55 23 33 

3 7
7
19 8 0 19 9 16 6 2 
19 8 0 19 9 16 6 2 

13 7
11
33 88 3 31 87 85 31 73 
80 30 61 47 68 15 47 5 

7 13
65
88 70 3 37 43 32 70 87 
30 70 61 46 36 2 70 68 

5 3
7
7 2 13 1 13 0 6 3 
13 8 7 1 7 0 6 12 

5 11
7
22 22 44 51 30 39 10 27 
33 33 44 46 50 29 10 48 

2 7
5
10 9 4 3 1 10 5 8 
12 11 2 5 1 12 3 8 

7 5
19
1 5 4 13 2 29 3 16 
1 5 4 27 23 29 17 16 

13 3
17
16 36 9 24 19 30 17 1 
22 30 3 33 28 36 23 1 

11 2
3
2 4 7 19 11 0 16 11 
18 16 17 13 11 0 14 11 

7 5
23
26 26 27 32 33 18 34 2 
31 31 13 23 17 2 34 18 

13 11
71
3 73 111 10 0 4 5 87 
113 18 67 43 0 114 60 120 

11 3
17
32 31 21 32 4 22 7 25 
32 25 21 32 31 22 13 16 

5 2
3
1 8 7 9 2 3 2 3 
1 2 3 9 8 7 8 7 

3 7
5
17 20 6 0 8 16 4 15 
5 20 6 0 8 4 16 15 

3 11
9
29 23 26 11 21 29 28 8 
8 23 14 11 21 8 13 29 

2 5
3
9 0 1 3 1 4 5 9 
9 0 1 7 1 4 5 9 

13 7
5
90 14 22 65 61 54 85 29 
90 14 29 39 3 45 50 22 

13 2
11
20 16 19 10 11 12 21 7 
2 22 11 4 19 12 5 15 

11 7
49
0 46 53 27 0 21 14 12 
0 39 60 20 0 21 70 12 

7 5
17
23 33 26 0 14 10 30 31 
18 3 31 0 14 5 25 26 

11 3
7
0 18 21 0 0 20 11 25 
0 24 21 0 0 14 11 16 

13 2
5
20 8 16 18 24 10 1 19 
24 8 22 18 20 4 1 15 

13 11
91
12 124 50 129 122 135 118 57 
12 58 28 129 34 47 118 112 

11 3
7
9 19 31 30 25 22 21 1 
3 28 25 6 16 22 21 1 

5 3
3
14 8 3 1 5 2 6 11 
14 2 12 1 5 8 6 11 

5 13
31
29 55 53 3 25 1 63 7 
29 55 27 42 25 1 2 58 

2 13
11
20 16 23 0 7 2 18 17 
2 22 17 0 15 20 8 23 

5 7
13
20 2 10 19 6 34 32 32 
20 2 10 19 6 34 32 32 

3 13
19
8 36 33 2 26 17 14 9 
5 36 6 11 26 17 14 9 

7 5
7
12 11 3 4 16 30 9 24 
33 11 17 4 16 30 9 24 

13 7
47
10 28 20 87 89 2 27 58 
82 7 41 68 45 46 27 11 

5 11
33
6 33 26 24 32 22 36 53 
41 33 16 29 32 22 31 48 

5 13
13
47 32 3 53 22 0 49 10 
47 32 3 53 22 0 49 10 

3 7
5
20 20 17 16 15 12 0 10 
20 20 5 4 15 3 0 19 

5 11
33
21 35 52 5 21 47 39 29 
21 40 2 25 21 42 19 39 

7 5
5
25 8 29 14 29 11 10 23 
30 8 29 14 29 16 5 18 

